LAYER_ACTIVATION input_layer
SIZE 52
INPUT_COUNT 0
WEIGHTS_MULTIPLIER 1.00

LAYER_ACTIVATION relu
SIZE 32
INPUT_COUNT 52
WEIGHTS_MULTIPLIER 1.00
-0.4623848187531232 0.3091203475586497 0.6736462095824154 -0.33031257537537306 -0.11133839156512493 -0.17600085292309098 -0.4810380765027753 -0.698057410056768 -0.024986561519514172 -0.816019315503937 0.9716758199481088 -0.5576049899930919 0.6428942232188699 0.5273897002768773 -0.7112205345986962 -0.8221501005723633 0.5072447288870905 0.023544414636894384 0.13551557299803374 -0.916454639089759 0.14177749223162772 0.9138916463676185 -0.08676111612415438 0.8424430891989265 0.3919158533367184 -0.37462421384278244 0.9442184414063097 0.005760454162328399 -0.5406499054213123 -0.165068519890059 0.6752195801810996 -0.46714720367444507 -0.47852812151559676 0.6627516337158272 -0.03837105149012432 0.6300771538694467 -0.8659016466225693 0.2530381796131702 0.9545868085486213 -0.8204343114159047 -0.1684095851686851 0.22941297770183056 0.6867758922701717 -0.6456467884108885 0.34727861289457773 -0.2604229556539921 -0.8127004628909398 0.14115545606507274 -0.9026980231027029 -0.39062086580423716 -0.6446228416895827 0.23004475220635578 
-0.6804222028109264 0.8158610619572806 0.2743136495458156 0.49530702146470995 -0.5506643089938983 0.06779477985399773 0.43991645534898627 0.6180214522139651 0.7743180378666823 -0.13843125548763036 -0.8060368042019703 0.045446071561739965 -0.45920430079608354 -0.4003051799167794 0.42056664086821494 0.7513621326968256 -0.4244949831613489 -0.9981743278785682 0.5075913965536398 0.41183290659604066 0.8532396409018241 0.0509123537546039 0.004184285969823787 0.28953614123576155 0.3577044152516258 0.8447046335211763 0.42070555403204546 -0.4038546542511443 -0.09451875425738199 0.6690460276815036 -0.9014540799956183 -0.193120897588567 0.26742679651287604 -0.6214042050271065 0.7351650701993659 0.06891939250864487 -0.7720585278573104 -0.7494529497453895 -0.005013839346487359 0.8919777338458843 0.5765409007973434 -0.01149016734043018 -0.06329899276197692 0.26539102622609057 0.9710385281278289 0.5113418125708278 0.508449370997095 -0.7812659040033982 -0.11271565935769567 -0.8875176904020907 0.009434847184077277 0.4826587825095465 
0.9748786549643642 0.15195786701421166 -0.8664190590932719 -0.5323168585294382 0.9109990866912581 0.6725090174898722 -0.9574530037311557 -0.9926592678115398 -0.2596281644173557 0.1840122664564965 -0.644938079903751 0.2832019969953614 -0.5315654324221104 0.22971657853407224 0.6634888512801429 -0.08228130064191852 0.22449725502268914 0.2485072703307929 0.702067434375722 0.44219447180724214 0.2790235921908537 0.630610818723724 0.42723997655595025 -0.6626692094610609 -0.15430174270812702 0.21352627999970641 0.03105628231216162 0.4326863590880208 0.6304722144332735 -0.16011616071874957 -0.6866986880793933 0.3027007664895176 -0.6530391052258531 -0.28957688978385154 0.05036479304604358 -0.009076333320490626 -0.7536432781312103 0.8229905711925298 -0.8705207490363296 -0.3644248481301964 -0.48897263957322146 0.852813513334389 -0.817532935271031 -0.12522631208484314 -0.8683269718570501 0.11067117696046891 0.8178775742807682 -0.5858881069718187 0.3683949344803872 0.7941219865200235 0.04916017000543338 0.3751250276723923 
0.04338557200554405 -0.6900361535409163 0.7626738838014113 -0.5015106570940209 -0.977562972131985 0.131112575871009 -0.4989095857359489 -0.697406350432408 0.09353967794525397 -0.6030957630998557 -0.8476563042195975 -0.044720229841570314 -0.980358051889495 0.7465115702758052 0.7353757919369805 0.20481343067204372 0.15973996722365413 -0.9672965597818008 0.025561636635846652 0.822731818218924 0.5119264309848581 0.39230328273306125 -0.8839512509891345 0.09445587260822808 -0.20876861450946604 -0.43340672107275524 0.42097962644754183 0.8773813791484497 -0.7492606376590758 0.5933369397363049 0.7500822917948664 0.6068130239962095 -0.05644375336811591 -0.02096655057344954 -0.021022669270769567 -0.9122217342657937 0.16227103062819714 0.944425607703308 -0.5210431991103341 -0.3161636654067257 -0.13876929330266607 0.7413695233273798 -0.7086720835239926 -0.6085856414456117 -0.8907187370736322 -0.9392764674105989 -0.2137308915942171 0.6642238205702042 0.6903945045374145 -0.5862357964511671 0.030342188804707293 -0.170269741248952 
-0.6933363344098538 -0.1360828137496799 -0.5136707304022521 0.2036491671060603 -0.8280990007631599 -0.42170779241062806 -0.60939224861821 0.4417777872933344 0.4993556889816919 0.9547475669395302 -0.7824955746423767 -0.7638409534519888 -0.22779690394274854 -0.3700352289004265 0.20189757726330804 0.2579432732869009 0.002874903545977192 0.6307139940629656 -0.20636807690037728 -0.8284922850954068 0.6081998111046467 0.4706669590787107 0.7614665796568931 0.6313131598923554 -0.01471722520712393 -0.4235095894879528 0.3316198603522984 0.838430108667279 -0.5007805777436656 0.16881477766068054 -0.28345157899136697 0.1854217933504776 -0.15949376354394662 0.9419755912246592 -0.14865512033085326 0.7996900501431905 -0.05763427959372569 0.9924540873011694 0.28068811156514717 -0.47087959014586867 -0.7442719740378148 0.6666296411789954 -0.8592548851670823 -0.3512649980419702 0.08707822050910519 0.5033745993435561 -0.8661637813770366 -0.27665117541129947 -0.11604942591201017 0.7172841370032854 0.5492895112896834 -0.8402727912689614 
0.7407296608737901 -0.555445413805628 -0.9147508966995159 0.13493212987156866 0.18668984998213056 0.5438002739545722 -0.2676258071093405 -0.6672191844533046 0.42644514774550535 0.7863587400658252 0.3719569339458293 0.6913894222686632 0.021225353234423316 -0.9407642992977057 0.7997753785816764 -0.6221461576387448 -0.4065225274172255 -0.4881907467633695 -0.76082702383648 0.229840477264867 0.6502947045058731 -0.4143115122133707 0.09839771760139393 0.8481180655125518 0.8746268556221042 0.7144178298477892 -0.753610126968008 0.2760236872670212 0.045570917600833205 0.6067229115168082 -0.7820478425408859 -0.4269836273313774 -0.017159650593584486 0.9649341709894741 0.46936861217157944 -0.9433537397365879 0.758349507116868 0.647993804526579 -0.47877479198841355 -0.3196763662867941 -0.06020354857992083 0.01059444159102041 0.2974982248887139 -0.589660178034924 -0.8739053112568456 -0.6284773337034979 -0.6263276078527478 -0.06601752022107088 -0.5342774116535012 0.21141071700523106 -0.32827461271842884 -0.4920340788163273 
-0.1785943450177414 -0.7141202186630424 -0.8387484134440968 -0.6368907463120896 0.8433133101502364 0.408176107847225 0.376003493744163 -0.7061041601259266 0.9749734942265333 -0.537755057554514 -0.12938745887675962 0.34871207180931396 0.12284884208098035 0.8369507670359675 0.9474849132378689 0.15132048130220466 0.3340675652950913 0.7780525728820498 0.02445719976097549 -0.1726842957788728 -0.9077671248588086 -0.10231078336637567 0.7470278173050395 0.5172431880034745 -0.3557742344874921 -0.022848939492518205 0.7346797442061175 -0.06329257545615352 0.5550543333264482 0.006251066874713773 -0.5215170330568346 0.3029382409804475 0.5440191119083742 0.08228652470151143 0.1021000400947043 0.09886160181849624 0.7149580624479963 0.43652371266250234 0.5893932770191257 0.897538999960042 -0.43784744942459675 0.7416942588321371 0.9269701214453319 -0.05400343418110087 0.4159707559792698 -0.2048568940759341 -0.7333761227954889 0.09334660630525815 0.8639775520394899 0.9165599662096748 0.2516192527647989 -0.3175307075434983 
-0.1437033184747225 0.8358149743035657 -0.9844053291724986 0.8464091481990406 0.7831965246826962 0.7199627528372934 0.006388393500323941 -0.36720550427164866 -0.19952174889891428 -0.6940046987846564 -0.6420931757942605 -0.9514579165837864 0.17253956714205887 0.9523161118328105 -0.4704433577732272 0.4638851244846829 -0.949948701012141 0.6114274950542087 -0.6163557105661155 0.6449967916392194 -0.22885857250415453 -0.27521164660491304 -0.3903957723926612 -0.5434576892714091 0.6029361896827816 0.8385178866597274 0.7417849187085845 0.4413540831396865 0.014633869349502726 0.7253182741610382 -0.3007971591268588 -0.6204609415548867 -0.8071057360615275 0.5396859042124635 0.5702743445025413 0.22499518224479176 0.06836498211212128 0.2922246278406526 0.16998581413183844 0.6105438876808094 -0.056532648222139104 -0.26503721340701736 0.6353258935667869 -0.5543805493097762 -0.31102836910384446 -0.45727294149539577 -0.2705297425910205 0.4097348013559936 0.2866560237531788 0.016814271482781473 0.8330380342904582 0.41356814032108247 
0.5916077064090088 -0.23705859075795854 0.28385139070281484 -0.022414212747640105 -0.26540797020690854 0.5404769150841513 -0.21757207791422872 0.08157550611183373 0.1362163936515881 -0.37172116872417127 0.6956408607732456 0.7774541755740088 -0.8914753736877512 -0.03919796756700378 -0.5785411723019425 -0.5600340353166591 0.6887110865400927 0.27766467862184596 0.6624964734230918 0.9376523628253617 0.2523329225831954 -0.6459745403656005 -0.4218986231157198 -0.12209638058289118 -0.5133652716485957 -0.1427637570766347 -0.3284260535388783 -0.670298107850338 -0.7508938405208014 -0.16351090071356267 0.04290010422217594 -0.7449066819545846 -0.16156426084520636 0.05331371161622411 0.7954052918025056 0.002500900298975539 0.305565682953036 0.8963893441081072 -0.5876036175456429 0.8912611272118394 -0.5606637278609294 0.5258071854184636 -0.6199490985913545 -0.03649185257264298 -0.7863082845106715 -0.6642865754474305 -0.6859255252749408 0.899959019600773 0.865983182783195 0.8279972024370259 -0.24890669723182968 -0.5791130779576774 
-0.2657609685121247 0.28264142204143705 0.6465459574343013 0.37692825081651904 0.10424039970096044 -0.32179859807537214 0.9751805267131153 -0.6270232212691234 -0.6027971399826741 -0.7623480553823874 0.5208048526086748 0.8752299822545708 0.1457191350189566 0.6041872576927692 0.4720573732726059 -0.1355939268045281 -0.32840851863065823 0.5983457518267952 0.09686805294694079 0.9558359107875039 -0.293778870462613 -0.33717078670677614 -0.19654641580659016 -0.2878901765054762 0.5346090372756487 0.7400987430155832 0.14108538426776018 0.5299701704401878 -0.04285848977005857 -0.4762185307700886 0.42928536285050534 0.8608544582567248 0.3172537450183217 -0.22474124865873768 -0.05872951155535433 0.547018189219189 -0.5081594720873581 0.42626280906913405 0.1255886997293656 0.4635897715843289 0.3432815157042557 -0.6734243886373943 -0.7680416614912107 0.25977622054213834 0.10641363622913458 -0.44408929580363354 0.671648134319504 0.012986766827070229 -0.7254214825137117 0.022240448495407295 0.6465853897760812 0.2151461255052849 
-0.4103188773194879 -0.9960582718964257 -0.8289537127409223 0.13047863988861064 -0.6572244114454504 0.5834108840365528 -0.7885274855772999 0.07648609395363004 -0.31521430274343243 0.007178601930659223 0.4804999733447919 0.8329503801617515 0.4408683284387116 -0.24581363244773757 -0.13858978190876647 0.8582964574792922 -0.33559422889706747 -0.6219197330852353 0.45078792033428083 0.5969083930150005 -0.8811635972498362 0.842979432548999 -0.13913659984598215 0.1920215982880189 0.9176640862981169 0.8021779628479775 0.25860271281377334 0.6401733453755878 0.93866685710063 0.8236109237301161 0.5883162409409528 0.3781594979110072 0.6954926803910351 0.37273076778525294 0.9629098677061267 0.7315177722383113 -0.2876598002844055 0.7456268203072196 -0.9480983588122702 0.6059154374836326 -0.6705265008339767 0.8927578647964469 -0.5362824686584353 -0.41259141275680333 0.05812144361514626 0.7972894715899279 -0.4470953374112485 0.8406277824278725 -0.7175986912910455 0.4884509701509505 -0.8138816728754199 -0.9156396193050909 
0.09715817565965001 0.8957618937824956 0.18094622474821453 0.6314891006271643 -0.5385406306690383 -0.46170694830225023 0.6328615037418313 0.25210363757400867 -0.7838624908570717 0.9713047375485038 0.5059626380882623 0.16495770968494172 -0.20529463711088525 0.09979934113187561 -0.10177643889411292 0.7445724692214997 -0.28134855625552735 -0.7408841664470769 0.6695490224166851 -0.9704158584277407 -0.11953501950731171 -0.03503997650781043 -0.2218780048524891 0.4009934779129558 -0.4032175893826999 0.33256674964237565 -0.37701759109019783 0.5676143691196283 0.7788752287122005 -0.04787441014837612 0.7100854792198963 -0.16771300739019157 0.595143325833069 -0.3037622404666245 0.0712383005645223 0.021009140135606286 -0.4121190313727343 0.6524394663896351 0.19498038612202118 0.5512561680615617 0.33956135195974624 0.48347381938321066 0.8826751765906469 -0.2333165144558489 0.1541426927535301 0.5140307027019806 -0.968315579088314 0.9689040272353409 0.50410796495144 -0.7181373953299337 -0.9277665546165696 0.7687080565843867 
-0.20662836654986982 0.22836632804733337 0.8002840483192599 0.7932490072886336 -0.3520401645363367 0.01292589436035474 0.3296611939443066 0.5181000129425686 0.9080183211010879 0.9735393875957237 0.5523341155034158 0.018318571096041625 0.7859076258631779 0.6783730197694164 0.9206936377277533 -0.8853928856247393 0.9345806702283497 0.7627559310054246 -0.3710006760618736 -0.7466753913361095 0.6733253204444929 0.7451156515055186 0.7785037372517123 -0.5011712373608557 -0.023142704553281268 -0.045590738707540046 0.6945358285585681 -0.9645069814099831 0.3045131667314487 0.06450606706370876 -0.1870721786585341 0.4548380020894005 -0.48660345268871974 -0.9182919414550939 -0.8742803403905219 0.015032924167315498 0.6541425688073581 -0.3905939820256601 0.24555193445513024 0.7279501793216985 -0.5686433760870846 0.5977935610843186 -0.9998124830642787 -0.5910119771527371 0.4604682735632095 0.6534169325454995 -0.6897381423569033 0.06028197677661229 -0.18371978712855142 -0.7202627381514524 -0.1287097063774154 -0.9139172836902707 
-0.5698329659626882 0.7655251983349562 -0.5033483720017786 0.8844799267944516 -0.4496512370859753 -0.274096129307833 0.6562525067133582 0.7145107622615383 0.5203719397219857 0.10313468966314376 -0.7931772573148987 -0.04364429307606543 0.3598722462404944 -0.885078424591361 -0.23780739557043384 0.7460368394139183 0.8152856274801827 -0.4511406706871479 -0.7491340636058044 0.6902896376849916 -0.19310668924285523 -0.33636640452028743 -0.6051574236369304 0.9095283457690257 0.20452028920051424 -0.573245722820837 -0.519884128249805 -0.27728882310579994 -0.7277313103030774 -0.40261332972673713 0.2461593294095683 0.2319332552274327 0.4237941610396678 -0.697372854960165 0.46774056543037745 0.15561423462927793 0.9133886087668468 0.664546610919519 -0.04892569108402278 0.6737835412679001 -0.5928449747415345 -0.06333938827747132 -0.5186476657130756 -0.10974583349224454 0.5623170288281829 -0.4152053438587582 0.5188842801486553 -0.39093134843289556 0.3736206951904295 0.5942210328651902 -0.16853078570021274 0.2883083228887584 
-0.7394366870307738 0.3251585429997135 -0.6821434266699038 -0.5690366143181302 0.7617786340611934 0.1675886786570342 0.7822196779694481 -0.5567474807946158 0.6438825132021329 -0.5890624982740571 -0.9786728162036864 -0.5908797383773374 0.13431527220567885 0.8263362437480208 0.5341790657035108 -0.0771424642686045 0.45807114295725726 0.24002433623210306 0.8229331696714588 -0.608070726234534 -0.33496015137695334 0.749511640583914 -0.9628213900897942 -0.7787532929530092 0.8170443261068303 0.654622269614777 0.8788699680983907 -0.632662244111259 -0.49342765238870023 -0.577705920685166 0.5701797866045935 -0.0255061708633455 -0.0814423858385771 0.8482353438772099 -0.7584387563471515 -0.6002955737960587 -0.037538157807694095 -0.49241106934844714 0.4624713082602663 0.8155942467546229 -0.6515287566238637 -0.0817147736918078 -0.4032138144867774 0.662991748368704 -0.6459024292319977 -0.9972390593124651 -0.0033584305211318277 -0.3522123944375004 0.6502985396211323 -0.2347060111428687 0.0957547274003896 0.5320162283935315 
0.45238048880306003 0.8651189335844331 -0.7007119864594882 -0.2613315863004593 0.27568699304604305 -0.06531498997549523 0.9161195207545529 -0.7207059958749387 0.4632188108632045 0.11594742514108436 -0.030212137160142705 0.39421087382500675 0.9127741159340841 0.5289052456693637 0.7842676451846764 0.3686364711019805 -0.7119570725192521 -0.5824418260356563 -0.601129115434333 0.18791477621624497 0.7654609923022495 -0.13996318319387435 0.9477170671813024 0.02592254495732904 -0.08443430393323292 -0.07383102451509349 0.007169408699609248 0.12178048761037608 0.1588505653568213 -0.4193178869684211 0.6297643586503678 0.15683984151651753 0.23519329852302784 0.6572329799637089 -0.9825966210857078 0.06612584343761774 0.6463890757722113 0.3425840198591579 -0.48105615619623987 0.9359457911058835 -0.10266865397159486 -0.6188568648585442 0.7320317224319883 0.6067838949952999 0.39387324289573034 -0.7241095676026157 -0.5496391302542023 -0.30322473769496194 0.9103718473827682 -0.2984167219045042 -0.18672029109106325 0.6207065115623089 
0.8884910542885573 -0.8719419748631898 0.5353609771086307 -0.6536560503757507 0.7351670502989742 0.35071039866852405 0.6192580155632412 0.5055407449796376 0.7030050035165571 -0.5860633979796339 0.17817075096196722 -0.7449026378903609 -0.8588925158089251 0.014624596895636222 -0.7421044340584406 0.48355794116659223 0.43852929702043775 -0.5529239287525143 0.330795066364435 -0.6772786712089314 -0.9797926326219988 -0.5087144215188357 0.8297066541325258 -0.6149355333371167 0.6388348026952368 0.9505584489756573 -0.22266120039052972 0.5631270720324122 -0.9714001499751397 0.1885541957169461 0.6306196744238495 -0.4328677041228537 -0.6554847346426451 0.4732856932034013 -0.13963286884028703 -0.6422588488703254 0.8948875454374465 -0.8118505516292078 -0.1780018710478013 -0.9433445245210925 0.4367457093381466 -0.2670865884206419 0.8802806575645294 -0.8103801938985717 -0.9208709988979977 -0.4790850339786705 0.7737300254397461 -0.4036576012961055 0.40279317612466126 0.31907501584595255 -0.9613527486484794 0.020088844385921734 
-0.8835945359793529 -0.33795862401575194 0.5344933084792562 -0.23339202156378702 0.7321365361655896 -0.7266905600413376 0.852999269454388 -0.22812847206495035 0.5919000434807422 0.4771679445193806 -0.19985179381554685 0.22387685526142231 -0.7537049517473906 -0.9329615844342241 0.07474235675762109 -0.6181619519953614 -0.26599050411501857 -0.17017920204704495 0.7586893362392377 -0.7943262016340651 0.7642987656934146 -0.04768127439861902 0.8244295631185736 -0.428116192274576 -0.056368316156252485 -0.5967394190621234 0.7439590742290692 0.7114142997790747 -0.617545092936552 0.16683259503756798 0.7405665705610973 -0.7293224000360754 0.120261725237929 0.043961938077112794 0.7410572179488804 0.13203374792851297 -0.014890881586115956 0.35817261432579817 0.5022262914526572 -0.12112141648095931 0.35369245580888187 0.3606008307668678 -0.5350253749811302 -0.7188879752673041 0.488126591165259 0.20622769080117642 0.4846605636486625 -0.9725404980202872 0.9131405107301138 -0.04118341217289001 0.7355850659776362 -0.02666823916447769 
-0.8957594056609348 -0.6310059634094529 0.44046724941295157 0.8818517820145779 0.5266171010154974 0.7056428530281273 0.16512486368682522 0.6785158125359447 -0.23274204195588788 -0.801187638092907 -0.9800053045855939 -0.183769005912499 0.7373694209832582 -0.9255790043853458 0.8670743626768587 -0.21907532307649236 -0.8207590504462794 -0.21220290608231185 0.651178245097751 0.8975955555282853 -0.05460546293987223 0.4525930374832552 -0.9321108746486844 -0.2865840995486766 0.6000270515671065 -0.009641597154748993 0.3735505451709904 -0.2045486202315876 0.2876054015068459 0.5296509792716879 -0.7580548802677192 -0.10554496769153054 -0.5828941568100829 -0.5254370645988353 -0.04017918202018955 -0.34513786727285445 -0.20304633388869608 -0.10528031357815437 -0.6301389686364782 -0.7274053407524199 -0.23404999021148498 0.4344805740319049 -0.244389288815539 -0.08810590250065675 -0.5566357494530583 -0.7728501898989009 0.11429555242081713 0.19045255875613298 0.0696346480992005 0.6832785148049887 -0.5843937691056806 -0.731590575955865 
0.7598443425160029 0.4515553970487003 0.048696484527559925 -0.6019030750913921 -0.30069396773164914 0.9343527432223449 -0.29688946749509326 0.43390436865649784 -0.7307534614592208 -0.9152757785849557 0.28535030468072065 0.6948720644018134 0.6533866080395987 0.22231340786929965 -0.7537665527067632 -0.04824068298803863 0.629558013715553 0.24991578562172 0.6906052616420706 -0.818160942509194 0.3355715629766576 0.16015362542353717 -0.8110936871361372 0.908339262051616 -0.7784553683510025 0.6613057216707803 -0.44385828040578934 -0.6855059405950163 -0.7572659089858993 0.09521329032074433 -0.307086580114865 -0.8702590992271442 -0.33635348289913813 0.04613844306014947 0.5176111596451167 0.277047136301543 0.6137283722359885 -0.4871160881466847 0.9376916361136847 0.9121731230394323 0.35612813338929605 -0.9924631023012089 -0.05146439265942293 -0.8272916300423092 0.8242633517037783 0.7013957677716194 -0.9987679980809054 -0.3610362943265071 0.017867442886286167 0.26499143666264047 -0.2596596638123325 0.8597131668483347 
-0.6866181720497853 0.16607664779306974 0.7754916262892444 0.38344994935175336 0.7694815196483871 0.6097746754264002 0.44923553051487874 0.6872970064759094 -0.057930771248646984 -0.001427242774137083 -0.1883000380574611 -0.6308732853122543 0.8109495624056902 -0.5631950878554901 -0.35608551898452 -0.5944263895354591 0.9496278428666998 0.9115846207780405 0.9883801302696769 -0.12014571662002727 -0.9808635290135457 0.48105199075249483 -0.9994577764329056 -0.9769957383464001 -0.38617918110408245 -0.6323581870350858 0.37203194382854354 0.8621214348566257 -0.16539344522599508 0.912259751973824 -0.9488397614004911 0.9332094929781263 -0.06214964347363283 -0.1575507706303625 0.1345221213781418 0.6814368358041243 0.027161598708077772 0.7905415734071035 -0.08542329136350557 0.5874453059316471 0.04002943470304432 -0.12193642653895709 -0.31554227380322497 0.18229454564315928 0.6301570834007058 0.00399568317607879 -0.38785699534389195 -0.3020153700656647 0.061174450222380106 0.7958994559745796 -0.8608269459983398 0.4595124388901073 
-0.34369520818284305 -0.7356487019625664 -0.30039541898496225 -0.49791653332005104 -0.6876329161643511 -0.9709536803773098 0.07567577474740617 0.32358214588291623 0.2706049612782073 -0.5815704001421169 0.5582221848063884 0.9137847591090362 -0.7635826213537971 -0.48480637556205 -0.39925897424239065 -0.8742286361193932 -0.07154845127153586 0.8931696686099087 -0.9790728394021024 0.017309519109298455 -0.1934974621215113 0.7887795721409674 0.41966266061033997 0.5241372118694945 -0.6904860234566965 0.868669207581015 0.029251779036332692 -0.13317224032291186 -0.21300786923912862 0.9165347071632406 0.1855184679163171 0.8489111891953824 -0.849430641551679 -0.7759644710034714 0.7215978291479654 0.30002897211165624 0.018075357621239574 0.7746553760299657 -0.1426584568905378 0.5750421762146123 -0.7657216713157187 -0.26529948123285196 -0.15703000956828306 -0.14532414130876625 -0.6924242540752239 -0.4391616821131379 -0.9345608004832517 0.09708667504096335 -0.354550525488728 0.5792075725666013 0.7915316874956104 0.6774787346975157 
0.09333421637457295 -0.7325449150010639 0.6537095346022772 0.6059494095483975 0.08081839579397276 0.7564719443517745 0.3537053566266237 -0.5292910155882404 -0.8330135402904995 0.3572994659201978 -4.897862296382449e-05 0.2548356543738799 0.6132228608900174 -0.866893134032314 0.16945696113721742 -0.17677628772488618 0.2614899771840904 -0.1707100599524478 -0.9540898740398185 0.5438759953043466 -0.5761390918810376 0.3651847048008794 0.9644762759882048 0.749243690262205 -0.8962569845396504 -0.7999070157255932 -0.8360130728350077 0.8803351603433822 -0.2456809406287943 0.2885485061946591 -0.7838400991249486 -0.9384887764215173 -0.6988596642790921 -0.6354196505544996 -0.8120304333593547 -0.9718406508500357 0.49341050484000726 -0.22560718140177727 0.48395391359107953 0.11232961067173108 -0.4299439160374363 -0.3493976021337428 0.5177796610311247 -0.8721390978280308 0.5264298607652655 -0.2802847757740279 -0.6550471492764316 -0.46369860778883476 0.3479302248290348 -0.5933406950328151 0.726342576516547 -0.5170879902447025 
0.6824136910557284 0.341705672367977 0.2550125666577192 0.12318698702072273 0.3648204384956968 -0.03726243133289486 0.24220035975144794 -0.3361704018699685 -0.26640586422117707 -0.35544392932436697 0.33122937752951453 0.924218883336037 -0.6220351296207984 -0.681381410401892 -0.5338659528048177 -0.9028888100061498 -0.5432009157883868 0.5991335364775376 0.6587245744503569 0.21964898929282572 0.13767662970565198 0.5115339768184288 -0.2698313259047307 -0.6184129185197484 -0.1604570097162883 0.5520721947703111 -0.032313835822164405 -0.6081801962741495 -0.20814390975236008 0.4691358597891757 -0.8146763425358521 -0.2849401994168608 0.4629080506372518 0.33443352420821704 -0.3736737548683864 0.29091485650721616 -0.7073992356914143 0.01362177378133822 0.717157763826709 0.308288518831652 0.3589142716193885 0.40842778450353356 -0.8702423576877916 0.4417526183846048 -0.6376776852997443 -0.43088362392608426 0.8751211618551342 -0.9325686389701131 -0.5438484488405415 0.46746001391613445 -0.7647752595521986 0.14670587343474262 
0.5761631353823411 0.04223721957188009 0.36047666455644145 0.612937719819358 0.28173518552816956 -0.2859886775404632 -0.6011395498621459 0.8679239813534929 0.07114235786451961 0.9211207539682551 0.7474958920487442 -0.44137780918725533 0.620773022733687 0.5236826244288793 -0.4506559631953877 -0.6917186928892736 -0.7894885309738879 0.3597118637122301 0.17371453206227105 0.4788535073716107 0.32901925377570884 -0.13256141736611848 0.2912551097403224 0.09717842624375517 0.5056017616961712 0.007666148949560192 -0.5261700608391608 0.8087092207563169 0.14719596137104718 0.8729114159552185 -0.8305575583589491 -0.945283983012914 -0.23698489062885542 -0.1788516257429975 0.40656557379489633 0.2543354866242733 -0.1122503277044955 0.5610517005518407 -0.9942741271414113 -0.5303936491797501 0.21335053063786003 0.010076224562959313 -0.017748855428578292 0.8819716577023109 -0.32857614482485187 -0.5797507337759014 -0.5294327023227114 0.20637842233850967 -0.42836611360965304 -0.5276690295074045 -0.4365279999222551 -0.91738520824721 
-0.012584563412759264 0.36613762818446194 0.23458729959487545 -0.4097284352893611 -0.35822784106039274 0.5037963372970595 0.44134447952395606 -0.5034273712860713 0.1368229964531118 -0.29456755762626985 0.16372411025791744 -0.20059275447173386 0.15614940925017318 0.007025267021647075 0.7047652279674985 -0.3600238134686695 0.9359439313588778 -0.8954538571650719 -0.4888743579386243 -0.27924376044209476 -0.14823398442283864 -0.7142586238056496 -0.6737887403444609 -0.40989531062455753 -0.5190563424039947 -0.2075921958573499 0.805886504009649 0.5695528413507862 -0.06562755698710676 -0.6035674841014165 -0.8195819093843351 -0.1866758339408765 0.1287379051776094 0.29422818080858826 0.1079497325048131 0.05813668683964446 0.5368250138679787 -0.21584628611368184 -0.9654205433295995 0.2890581662809588 0.24792590078190369 0.5740627490553956 0.37223344153667925 0.5148864193194487 -0.8660201460164136 -0.13716651528727808 0.5244957103087482 -0.16950959212200933 0.5414388698336263 0.14274556190214205 0.6120378065283396 -0.15228922881205342 
-0.607305845233499 0.07237832783326348 -0.8316598544884355 0.03724435699835338 -0.6328358389874402 -0.6366722785052701 0.6501594846167982 0.1730934218482023 -0.42270882704956336 0.8366891722644587 -0.8047671500544706 0.6408099883619012 0.804625644259183 0.9464623425085519 -0.34561177223049766 0.616827289410055 -0.30457226238667134 0.7855547753425494 -0.4034669438354146 0.8428186974127649 0.42551100006610376 0.327715956891347 0.7210313135168407 0.8091811537480986 0.17402784956866735 -0.7084047705208636 0.9684973990725079 0.1655654648281939 -0.7798875465163015 -0.16720979071480846 0.4086828404954912 -0.6071208172456455 -0.6059708611717924 0.2527392373432489 0.71040639857393 0.47502866592714077 0.5529401999376233 -0.5016926829625525 -0.06367399319169453 0.04120805708554842 -0.8058673428723009 -0.08273890149112106 -0.9363196293854852 -0.9010903483331705 0.10578388667887983 -0.7764733707872999 0.7128371967954701 -0.04502599681198838 -0.506093305311295 -0.5253424208213204 0.6864930900899502 0.9156787783745162 
-0.47624087746431676 0.7661063668934491 0.18075332442345382 0.19229644042488991 -0.7281356406070969 -0.8794108709115909 -0.08707297747825904 0.9717639065795936 -0.9727474379773211 -0.1075468458510016 0.08312217255091325 0.2507219387682551 -0.47699159235773725 -0.30804159366603456 -0.9941362281494783 0.2808808546320447 0.8160103244590138 -0.17268522879229153 -0.7843119769380844 0.5100305908244345 0.5982900070418027 -0.6611293905180811 0.10732645143012598 0.08065346883345104 0.8156873279519015 -0.9700624305998253 -0.9157229490867913 0.8329686929728142 0.35799421632134654 0.35678987187345057 0.6998600160153321 0.68898703314257 -0.15559010304413956 -0.035997523046456203 0.7164832815899314 -0.353466139699139 0.3701333395866193 0.16206883191351085 -0.8306199258598479 -0.3262788306597735 0.5523866127723205 -0.3076339500544416 -0.0716983975880785 0.30248033583933087 -0.28704836941160794 -0.14915019690964515 -0.26598051278070245 0.1281047439128602 0.44224166598081793 0.15755326824497873 0.1534552867287753 -0.6678101148166429 
0.3614024296819889 0.552579719686457 0.9802049339095902 0.12053047269574568 -0.721980383604186 -0.19321728279142936 0.703364544558648 0.8112694763962867 -0.7296781745862979 0.35953011950485725 -0.3201638009905876 -0.3713023736439838 0.09562557974033448 -0.9266831378874816 -0.9434013947745712 -0.7801374128898879 -0.3800657208007103 0.32333309784751796 -0.9157317062051233 -0.8669427821595932 0.374185631030838 -0.26055237843274526 0.6863186999115072 -0.3232764727115729 -0.6256636682010155 -0.6993697604887659 0.5894863078469808 0.3296183347166268 -0.8833421058904709 0.816516913090386 0.47951036277561454 -0.31692295764433553 0.9364664899558421 -0.35173803001466 0.7648142439003116 -0.20492686321943387 -0.6446814015083189 0.578215121044128 -0.6693257009048812 -0.2227977571097184 0.5310078972048866 -0.22676240759066113 0.4842693122600863 0.5993030918760147 0.1829570728689205 -0.038108752599312234 -0.07582707579661507 0.7419961469466121 -0.02662488356490078 0.9060946422031646 -0.3965053186959664 0.7164719072639529 
0.37968680288438095 -0.38229446400731293 0.22012607615421897 -0.2068040644396456 0.4820248374721794 0.4152190138283016 0.5903470424605268 -0.3529900354529556 -0.15672349722369083 -0.3048725011620137 -0.10494829198143618 0.5374610556404757 0.07667941917439824 -0.15158047134524288 0.7106749063205904 -0.297259878469045 -0.8001523077285897 -0.9742078567198706 -0.9044901967764181 0.26475149530579745 -0.7096024215504357 -0.23489420815130457 -0.8786756770793673 -0.7426014100933445 -0.43873023664456956 0.8259548692507681 0.6785709670025413 0.5505761965404783 0.04063535917146899 -0.71823123221355 0.9112199553202172 0.8682941618033775 0.4973123172446434 -0.0030493069210282275 0.9606541551062422 0.31266366468912277 -0.48528649221880116 -0.0887028305848192 -0.4652543737968562 -0.2206891814938421 0.5731704497712977 0.792571282815344 0.9800610768552216 -0.3320897756272554 0.4867907731307137 0.26820889909449774 -0.0006913464163105232 0.08174636973964766 -0.4423239262491534 -0.37813629998539167 -0.19258578112882896 0.33389668824559293 
-0.12448428927280464 0.9157732347312701 -0.32650115323751794 0.4793352311349328 -0.165537027333458 0.2576424935722874 -0.6050972565876838 0.3555968999362942 0.05976292132389327 0.5561774676121272 -0.0966537795843978 -0.8509697585874023 -0.7981728821217053 0.617686026930393 0.3574213781767823 0.058101074695108945 -0.5632012191531026 0.22628624068280545 0.6845946432653467 0.501594636435178 0.3757022580347531 0.9926150346182447 -0.4561861312784399 0.5548150347688323 0.15959102441505402 -0.38334488165466074 0.2285737855274057 0.0034129951421164595 -0.3141551444582993 0.6351330557513628 0.5716928235731549 0.6516191378010845 0.40725369666458233 -0.32482686957606743 0.710168075880242 0.4695164175701825 0.5937160634250149 -0.12751832599860613 -0.4704707233914187 0.8238659530538193 0.5368154331894881 -0.9125865534744106 -0.7435459709652774 -0.9212874462607672 -0.9638540709649688 0.9520794685270393 0.08315011023979024 -0.9218260831455245 0.5081265228735137 -0.14130114320019427 -0.6864530606662209 0.9045393311836756 
-0.568136875851242 -0.03424541611711063 -0.8095727653208751 -0.13028229910789135 0.7951991197802009 0.9569242438358039 -0.44378924987366597 -0.8018880599326108 0.7616944120451408 0.9497335321261327 -0.8285623997453544 0.8651218154885953 -0.6463671402028961 -0.7338330209900785 0.04504088628283598 -0.2280257200025948 -0.4854034642836491 -0.16184944760754338 -0.3028635222418492 -0.24253496029518362 0.6584606562100463 -0.013813278243979266 -0.47574570354859347 0.6712734043891022 0.3177432653040748 -0.9047309041023213 0.1099567904756873 -0.48922428756507697 -0.8125545847487348 -0.7215881870762615 -0.6696772291858897 -0.845477592880505 -0.2277559098846229 0.5587750419083377 -0.9232691979188512 -0.6549774023263215 0.10771249685647732 -0.6954978460375181 0.5476591525025456 0.5848758882349239 -0.23482790353648508 -0.5486097070961407 0.2089884273420568 0.7850849832431528 0.8023310718130874 0.26199740407676475 0.18287273565903073 0.517402488532551 -0.17983559648886094 0.33663761319505947 -0.46189067256908145 0.4148760532893545 
-0.2860529710689217 0.035983810543154915 0.5240358849645608 -0.39413850068340106 0.4784549050726199 0.5432732442786976 -0.5207538523756874 -0.5624020290851728 0.7473138549096907 0.411618927627885 -0.46448296605068706 -0.7997338756032604 -0.03196230014104384 -0.9906149474264567 0.02422951111087923 -0.531708611309899 0.8026647622182279 0.10642390189323847 0.41256218512490594 0.39329673617752503 0.07955502668891667 -0.6667570512919327 0.9563346291890085 -0.902932583227243 -0.18714506497136885 -0.22185832477373313 0.15869409049591243 -0.9274005452027148 -0.7948196386434239 0.5426478603971034 0.36676241065742277 0.2359181673206594 

LAYER_ACTIVATION sigmoid
SIZE 4
INPUT_COUNT 32
WEIGHTS_MULTIPLIER 1.00
-0.7480137022900992 0.27175185635173293 -0.10572953871007074 0.028505867403549656 0.3864458462603384 -0.9939656053172135 -0.6006469531724365 0.6927937427141218 0.9645943941344199 0.38265287808626947 -0.2724878223552407 -0.6725465542442526 -0.19529076995170302 -0.18841451048677005 -0.6733560571865862 -0.7226590735493217 0.1508679657842793 -0.3759524756347512 -0.7595010124385593 0.07611970061713524 0.5600261571842311 0.4055191104043352 -0.9404945203785839 -0.09703265042707288 0.5329315754926514 -0.8131427955718822 -0.15337118134271788 0.6543892954449098 0.34622326171361295 0.13999794885429018 0.6599980609237595 0.4866426695123267 
-0.09019537907445119 0.0703889195574503 0.25529229152280575 0.4774275986861507 0.9096759506343468 0.850538822265938 -0.3610608625619054 0.13680446685495662 -0.9649254691490425 -0.5434332023315802 0.6596911133753269 -0.5862536799490259 0.21823297624599092 0.3528392134466045 -0.8957213538389333 -0.11907263189311901 -0.70913053962056 0.24555955701625587 0.2272347684981555 -0.8176918350357565 -0.8366613618205165 0.8554651187106728 0.6833024217589259 0.38887496551037093 0.09135657325843893 0.9780577063204805 -0.7382684685875085 0.7820278094674038 -0.8946219360338656 -0.6744028289803783 -0.8375717029279526 -0.5041890598376619 
0.3189264567299821 0.5047501945126116 0.19305848028667238 -0.9760234233568086 0.5861384288225069 -0.3332385727938032 -0.7218449934120061 0.6717455425239223 -0.6080511284973078 -0.4593365402201537 -0.21947840109455763 -0.2187208253469286 -0.8970093577876157 -0.20190740775260063 0.10357975600720382 -0.7371141063884874 0.3616428152101663 0.13058376563374385 0.7499358859309724 -0.764235187324454 -0.01397586631132497 0.40010125958287723 -0.6599288204261462 -0.029225946661003643 0.7029585311847462 -0.0822970205735103 -0.2963817203212895 0.9480699316849139 0.526946420851953 -0.6822135598066654 -0.8031635417233056 0.2364427170294192 
0.65560582364196 0.6819602658413368 0.9811235199565032 -0.8157322563960487 0.06547581501467836 -0.30198041644967 0.008800508742139224 0.5742765904681373 -0.9754449205761118 -0.8636864999126972 -0.7523478922350866 0.7196818044476845 -0.15388221828243331 0.6579133607894696 -0.5569576305256596 0.008100978075034071 -0.6021287396492254 0.6979831769141587 0.41720197116971725 -0.6456383992802395 -0.6726130982473162 -0.3760045125596643 -0.2178563199405179 0.26358385915102556 0.5192722885385836 0.42630209155714516 0.9067568943532476 -0.24303142811968703 -0.8736734780513051 0.6171560756195444 0.07201692731715514 -0.9033186157946995 
-0.9998000164289598 0.9685224469116998 -0.6220995228210904 0.778704258874128 
