LAYER_ACTIVATION input_layer
SIZE 52
INPUT_COUNT 0
WEIGHTS_MULTIPLIER 1.00

LAYER_ACTIVATION relu
SIZE 32
INPUT_COUNT 52
WEIGHTS_MULTIPLIER 1.00
-0.4623848187531232 -0.23301989008664914 0.6736462095824154 0.761720119256966 -0.5362370532773808 -0.483877598813758 -0.621773693145838 0.7133179678246151 -0.008334194393589733 0.21306425514369431 0.5556376904062021 0.8883177314277841 0.16609401040469085 -0.9270677946511423 -0.7395420620320403 -0.8221501005723633 0.5072447288870905 0.023544414636894384 -0.5274640470058218 0.8054707374570578 0.14177749223162772 0.9138916463676185 -0.42940870746675697 0.20845301190932797 0.6476473518637285 0.612015079516337 0.9442184414063097 0.005760454162328399 -0.5406499054213123 -0.165068519890059 0.6752195801810996 0.3595818163379907 0.010131688638487457 0.7616590833416175 -0.03837105149012432 0.5427899684702289 -0.8659016466225693 0.5581522588681456 0.9545868085486213 -0.28100429110265446 0.23273705455021476 0.7641920033596199 -0.003264226857275565 -0.6456467884108885 0.34727861289457773 -0.2604229556539921 -0.3616580476042104 0.39603404827303934 -0.9026980231027029 0.931909424714028 0.8020674835067398 -0.7787194111092373 
-0.6804222028109264 -0.5535447380646161 0.2743136495458156 0.35462065565016854 0.4060866482758261 -0.9852826723988568 0.6668970697157035 0.6180214522139651 -0.9179022819230831 -0.18400157335260614 -0.8799570026063959 0.045446071561739965 -0.8324217479263762 -0.04541459466430742 -0.04866907845446944 -0.27080453517589564 -0.8972485012973122 -0.6150408291142657 0.5075913965536398 0.5267851921241689 0.6843847873272741 0.06379496953970665 0.004184285969823787 -0.7661776522521513 0.40678054178895096 0.8447046335211763 0.42070555403204546 0.3848283084609143 -0.12268768661917395 -0.7256844560727242 -0.9014540799956183 -0.5004625542904255 0.26742679651287604 0.1305979912164117 0.7351650701993659 0.5908527634066065 -0.1787126584756107 -0.6748956064828058 -0.005013839346487359 -0.9194419836317613 -0.8649928000075227 -0.6051819077090579 0.43199846602118064 0.18669177656478486 0.9349937483348181 -0.49354869713202554 0.20839212834592025 0.636139969665473 -0.525325307980135 -0.8875176904020907 -0.6082028855588824 -0.015099621707814315 
-0.14395716010413628 0.15195786701421166 -0.02998288508950786 -0.5323168585294382 -0.7016546363627123 -0.6790272016942496 -0.9574530037311557 -0.9926592678115398 0.09151788544753403 -0.27693377438972355 0.046117774213489504 0.2832019969953614 0.20046006168285047 0.22469039185083628 0.5877120017148514 -0.3571039506149458 0.1391907935660468 0.7155839661869836 -0.47458642775637516 -0.3242600345655 0.4325357123586968 0.06423282023236587 0.42723997655595025 -0.4206276461493148 0.4591854260277566 0.23930632818340758 -0.004600683329058608 0.8500066792534313 0.4752255517717616 0.19086597900098412 0.7964037422428705 0.894044664301769 -0.6530391052258531 -0.28957688978385154 -0.5587515000655197 0.6315788764872146 0.32579931230017767 0.8229905711925298 -0.3696677047603183 0.502153898067955 0.37684398368744887 0.852813513334389 -0.817532935271031 -0.21133534647268304 -0.8683269718570501 0.11067117696046891 0.19547674753944033 -0.8152864528204522 0.3683949344803872 0.7941219865200235 0.9306739578823635 -0.7120684552353997 
0.40912612448872476 -0.6900361535409163 0.7626738838014113 0.08289356648073465 -0.7466368283153606 0.131112575871009 -0.7745498495888639 -0.990857402393408 0.1272236097315893 -0.7659333146175453 -0.8476563042195975 -0.9593213689693607 0.45692616759958193 0.18342836667544749 -0.8202123622147994 -0.5866517048402848 -0.9906263004823466 0.4865944340217514 0.025561636635846652 -0.4431051677524338 -0.2621531403976276 0.48142634234667825 -0.3148717986609566 -0.4636397647815782 -0.20876861450946604 -0.5626019866813508 0.9262323941218957 0.8773813791484497 -0.958970910923969 0.1420348310183952 -0.2570408531802355 -0.9987996105502321 -0.05644375336811591 -0.02096655057344954 0.13738445733995985 -0.9122217342657937 0.060906715562096814 -0.8353415388756766 0.8817039266876008 0.7263117026776946 0.9060237490891039 0.5243340804312493 -0.3672826313499913 0.7676898982058473 -0.8907187370736322 0.8911031478111378 -0.11456711596663216 0.8297078002116853 0.9630305880406451 0.5275812359949859 -0.05418848417374034 0.437904208769764 
0.689048079808414 -0.8906907801782442 0.49969673323746666 0.582024953587799 0.11277159602051579 0.9038477878569173 -0.4859768885217328 -0.017126762116459027 0.4993556889816919 0.3329551625971636 0.43238598416010143 0.39381119846594825 0.5220313691637855 -0.38528296134272355 -0.11403415053211519 -0.5162497076985042 0.3619021047042308 -0.5238965771765633 0.12150449933159901 -0.577910101976159 -0.3982636015987471 0.4706669590787107 -0.7095782636210162 0.6313131598923554 0.8753453570055432 -0.4235095894879528 0.3316198603522984 0.14797224025644584 -0.6080345790481014 -0.34607866209873706 0.7092945273099334 0.23159548089475046 0.08082788228107085 0.7647546410814892 0.1281266794337641 0.7996900501431905 0.9039334258530238 0.8128909571836782 0.6115956970427514 -0.1932208893959384 0.8166341998840072 0.9200669733929936 0.9560771825167667 -0.3512649980419702 0.5499694576704539 -0.3750441582586008 0.12947917451792068 -0.37544112953301867 -0.45430325610496536 -0.783962182852401 0.5492895112896834 -0.334007367342978 
-0.8504928466668671 -0.555445413805628 -0.8555493187209988 -0.6571600466838097 0.2415978792547755 0.916267764159451 -0.2676258071093405 -0.6672191844533046 0.42644514774550535 0.4249158408241982 0.8298921742454253 0.6913894222686632 -0.9677524259973884 -0.9407642992977057 0.7997753785816764 -0.009505727009155862 -0.18587704560182283 -0.4881907467633695 0.16346484841120934 -0.8435946224294448 0.6502947045058731 0.8829294120424771 0.6414878132226716 -0.08127273186890616 0.846395831740989 -0.04928474281396178 0.76900583316527 -0.15187906917421867 0.045570917600833205 0.06737638117164346 0.3322394668003177 0.05543568128606324 -0.4584553831658176 0.9649341709894741 -0.11617967455057943 -0.4644651932656336 0.7634992195522718 0.8720352217011293 0.3838451270229617 0.5769321632630948 -0.06020354857992083 0.761658428725831 0.6581123260292323 -0.589660178034924 -0.006746018279665034 -0.6284773337034979 -0.4145040212925195 -0.06601752022107088 -0.9868614128494195 0.21141071700523106 0.8031056321106096 -0.4920340788163273 
0.821988412400245 0.3721860734249882 -0.4801084097790276 -0.3926700301444832 0.8433133101502364 0.4942605216137206 0.560272282605655 -0.11792450391929798 0.4907258533651133 0.9228587018900996 -0.041398081260368036 0.2043841825561319 -0.5069087963287768 0.8369507670359675 0.9474849132378689 0.5946108990427594 0.9686116960470161 0.7780525728820498 0.8554494269670252 -0.1726842957788728 0.13268593314319932 -0.10231078336637567 0.4562135539366805 -0.7046322730707189 0.22299952410604296 0.47603483286360104 -0.524691872362621 0.8578014013402708 -0.7565370439537493 -0.9192820708356588 -0.34262490173232285 -0.12032076847158679 0.033521282579954015 -0.6168258890679434 0.1021000400947043 -0.7152692612557223 0.9586358145262355 0.6425503686125051 0.5893932770191257 -0.42977407018067426 -0.569109575272152 0.7303430055860285 0.12604843056190695 0.5549595835398142 0.9768289963524184 -0.17452110413658417 0.412316366274621 -0.718470107749348 0.4814442196043782 0.9165599662096748 0.059448369472081763 0.9119714696991215 
-0.1437033184747225 -0.8391964654065491 -0.3734506203456407 -0.5020971344546838 0.6704646531993546 0.7492207875160872 0.6454807322435696 -0.9506716430549467 -0.11976383119327516 0.6172235579151204 0.7564671437609607 0.2694200633305588 -0.29625185688773814 0.06538662979521837 -0.4704433577732272 0.4638851244846829 -0.09364510253445113 0.19101645200346784 -0.7613386280559409 0.8138420877774677 -0.692047658645591 -0.75495726912546 0.6566975708230336 -0.5434576892714091 0.6297307266260157 0.693368492959366 0.7417849187085845 -0.44702692659762144 -0.5536987318345321 -0.23186872934481806 -0.3007971591268588 -0.9697176558530158 -0.5464637591847807 -0.763046843001469 0.5702743445025413 0.8922834210738009 -0.788849664285634 0.1886288266539924 0.16998581413183844 0.845689933994215 0.1528608583623221 -0.5233809312693045 0.6353258935667869 -0.5052055807631377 -0.31102836910384446 0.3643155221314942 -0.1506712216831776 0.4097348013559936 0.9499633904243754 -0.29058937717148003 0.8330380342904582 0.41356814032108247 
0.4507465006680167 -0.23705859075795854 0.4151936597007304 -0.022414212747640105 -0.8437861071444761 0.09216564928593907 -0.7828342674409954 -0.48997208548242255 -0.4203943275726083 0.5089053658032392 0.32463659205579054 -0.814163824045707 0.8503606367648864 -0.03919796756700378 -0.9183780815063172 -0.5600340353166591 0.38424250858470876 -0.024142777934659687 0.4350073617302981 -0.487639073585316 -0.32480017850563025 -0.6459745403656005 -0.49775864236723333 -0.4921927053793784 0.9305146644284699 0.4976600024161668 -0.3284260535388783 -0.4186108738175416 -0.4251018615003357 -0.16351090071356267 0.04290010422217594 -0.1549808369361756 0.3002063127212051 -0.10798216770947744 0.7954052918025056 0.002500900298975539 -0.8313375512949241 0.0114122023550296 0.9827194340261693 0.8912611272118394 -0.5606637278609294 0.7891982761274485 -0.9137821767735399 -0.677594508368313 -0.20533055242605602 -0.2899677453109202 -0.6859255252749408 -0.8904323137396901 0.865983182783195 0.8279972024370259 0.364176956871475 0.45783354449266134 
-0.5509708122103314 0.28359232123229794 -0.7084213884444857 0.37692825081651904 -0.5988308419280579 -0.32179859807537214 0.9751805267131153 -0.6270232212691234 -0.6027971399826741 -0.4067039906105512 0.5208048526086748 -0.8642175296185641 0.549345202424429 0.9199517850941261 0.3867826992615113 -0.867478628722582 -0.7273837602539435 -0.6082683709020436 -0.359665870251185 -0.9075331911966549 -0.8182870086139267 0.32393315159132285 -0.19654641580659016 0.813880042125501 0.5346090372756487 0.6151281773396136 -0.932758384930116 -0.5335036750919075 0.35891937498265847 -0.4762185307700886 0.42928536285050534 0.3227255001846332 -0.24893985567992272 -0.22474124865873768 0.1485030007429755 -0.7002304150148639 -0.009671006182734976 -0.4281897250094211 -0.08975293343453727 0.5276451040563499 -0.37062244767702257 0.6711712394677865 -0.7680416614912107 0.4078001895169847 -0.4824398800029721 0.0738907776592932 0.671648134319504 0.7212559427954941 -0.7254214825137117 0.022240448495407295 -0.8560264235386397 0.5906227642972912 
0.41547907520631533 -0.40167722568853126 -0.11628768125175903 -0.12230578933824443 0.14906920482544006 0.25535507861785955 -0.6159164006525693 0.07648609395363004 0.2447156591850408 0.2057801250855178 0.4568951422936096 0.8329503801617515 0.4408683284387116 0.6261936412590206 0.6016726423660221 -0.29798009292394756 -0.5345930984556468 -0.6219197330852353 0.45078792033428083 -0.9120418547586198 -0.8811635972498362 0.6320910200735288 0.305404774156423 -0.4473721803163524 0.33325110945445857 0.8021779628479775 -0.9613300144254107 -0.7094675643741919 -0.4431683433005871 -0.38820157754337026 0.5883162409409528 0.3781594979110072 0.6954926803910351 0.8413154356775236 0.7992402166109902 -0.3177795312178404 -0.2876598002844055 -0.9255513117630281 -0.7772692009561606 0.6059154374836326 -0.26205728486049207 -0.678025437921177 -0.46918272442947817 -0.97470983514235 -0.6599776711918484 -0.2557797922506069 0.2675550133173714 0.8406277824278725 -0.7175986912910455 -0.7229395109523544 0.2256088380757777 -0.9657198763525763 
-0.6819944177386041 -0.29754948998602804 -0.1534945453817278 -0.6990501932268474 -0.5385406306690383 0.7758536326920344 0.42231753250247106 -0.7090828933252102 -0.7838624908570717 0.9713047375485038 0.5059626380882623 -0.8922157182755122 0.9587046337734557 0.7943301935262408 0.29747082481526177 0.7445724692214997 0.07360369298716707 -0.8943746717072323 0.1382119312359864 0.63708060045618 0.2841875302030461 -0.9664441120254537 -0.7304025317094514 -0.11874965610450294 -0.4032175893826999 0.33256674964237565 -0.720556161187772 0.3553014014597342 -0.3494546861598786 0.6101167017904499 0.8601229031200479 0.917970663706555 0.09664348899550856 -0.8382710823432182 -0.10711768749627937 -0.14206637649685172 -0.4121190313727343 0.6524394663896351 -0.24179939136351658 0.5100926101483787 -0.744688558118116 0.271446698479463 0.8826751765906469 0.6557876702356984 0.040843336709607714 0.5140307027019806 -0.5961326177284489 0.9689040272353409 -0.42036884088816384 0.9577830998242556 0.23670852979879342 0.7687080565843867 
-0.0034930354375428685 -0.9678951110792582 0.8002840483192599 0.7932490072886336 0.3507617678340498 0.6167086386276883 0.06825964535688156 0.5181000129425686 0.07707965291552221 -0.14047113201238526 -0.15600178775652118 0.4500809977354012 0.7512180812194105 0.429674221341376 -0.44711972288966684 0.6347921840935216 -0.25527473671273704 -0.0020475452981787434 -0.3030269024937231 -0.7466753913361095 0.6733253204444929 0.6152429638967267 -0.7839512860417821 -0.3413921065107919 -0.023142704553281268 -0.045590738707540046 0.8858164124904491 0.8518491952385223 0.3045131667314487 -0.31760543852889733 -0.1870721786585341 0.08980354496816911 -0.30363379065576424 -0.5980041044848206 0.323868801444146 0.002275645836115947 0.6541425688073581 0.6706563517823962 0.24555193445513024 0.1365456521305186 0.6036588249257568 0.4265723952441507 -0.9998124830642787 -0.5910119771527371 0.4604682735632095 0.3340054780834971 -0.6886747330283687 0.6262677820825182 -0.18371978712855142 -0.7261275663580367 0.08337263803787187 -0.45130318818904924 
-0.5698329659626882 -0.41477699639442633 -0.5033483720017786 0.679738107359837 -0.49194107471317317 -0.7952200016779882 0.21765487432487118 -0.7710772200825822 0.5203719397219857 0.10313468966314376 -0.5355045109066079 -0.22604018695685202 0.3598722462404944 -0.32780150377400696 -0.23780739557043384 -0.23802235244286196 0.7677612468831339 -0.4511406706871479 0.6033368169035263 0.43420197462267796 -0.19310668924285523 -0.037673993613610124 -0.03408558968635389 0.3753162119777578 -0.23529893921021316 -0.573245722820837 -0.519884128249805 -0.27728882310579994 0.31389417939186237 -0.40261332972673713 0.8333675235456874 -0.4752894890447019 0.4237941610396678 -0.9177319010583918 -0.5864204856747122 0.9775712658102256 -0.46371666935019906 0.7247226164027605 -0.04892569108402278 0.8782013911675381 -0.5928449747415345 -0.19142425708829003 0.0027719661761693715 -0.10974583349224454 0.6590273601453824 -0.4152053438587582 0.7183596528148182 -0.8847951601676209 0.3736206951904295 0.8717534041940471 -0.16853078570021274 0.2883083228887584 
-0.7394366870307738 0.3251585429997135 0.6762473516423357 -0.17742180091265136 0.7617786340611934 0.7168964602837113 -0.9368849031694524 0.9626940714612702 -0.7681218183952725 0.10889695506922314 -0.9786728162036864 -0.10112714486486563 0.13431527220567885 -0.41821771611135095 0.5341790657035108 0.977557875816452 -0.11228671303585602 0.1619238857342653 -0.24285579732663254 -0.608070726234534 -0.33496015137695334 -0.47099570719500483 0.7128947618255488 -0.7787532929530092 0.8170443261068303 -0.5954566260359271 -0.8785730037159021 -0.632662244111259 -0.6214791740603389 0.10774499268235704 0.9627058756784983 -0.0255061708633455 0.8848712272267227 0.3352506921326017 0.41289573522313816 -0.6002955737960587 -0.037538157807694095 -0.49241106934844714 0.4624713082602663 0.8155942467546229 -0.7596063682827019 0.36880366125603037 -0.13601344176488173 0.662991748368704 0.3274972963509115 -0.9253407027277525 -0.0033584305211318277 -0.3522123944375004 -0.5398908575517767 0.485621929778447 0.0957547274003896 0.4182967484890765 
0.7213258893298107 0.9643700014674557 0.8530641912430437 0.10238815575286431 0.27568699304604305 -0.8693002490302075 0.6275492364970583 -0.9162019577652152 -0.41028093637624474 0.3572030930537853 -0.3584056289156603 0.6398516994908248 0.9127741159340841 0.09193464972652166 -0.36554462201949356 0.16300146460558795 -0.3388920617135558 -0.8172478755648973 -0.33424695371295754 -0.6191653991652013 -0.6021857336719545 0.12762992773910153 0.21736460489474574 0.5622711540297178 -0.011333010081421957 -0.07383102451509349 -0.17479473803871826 -0.7110276419757062 -0.4792895130934256 0.16172793609517666 -0.24877615286241594 0.3288164525387127 0.29570738780300343 0.44015275091361605 0.12521785724293233 0.34733958196300074 -0.6242670812586679 -0.814709517056861 -0.48105615619623987 -0.10096499646865742 -0.42357992813402445 0.542846299215954 0.7320317224319883 0.6067838949952999 0.8113285318153705 -0.11415683368238305 -0.5496391302542023 0.690887957990902 -0.36990382991511095 -0.8890972047724031 -0.18672029109106325 0.6207065115623089 
-0.8907404944698072 -0.8719419748631898 0.39883090721848147 0.062640730475509 -0.30862161535029986 0.35071039866852405 -0.39566293348586057 0.7110257819541168 0.6455500285835278 -0.5860633979796339 -0.6078467819363016 -0.7449026378903609 -0.8588925158089251 0.6471297088560872 -0.4860255536157685 0.8564418444120081 -0.6981908122049929 -0.7010617413719886 -0.7009659039148557 -0.2299280649900317 0.043166556437732595 -0.5087144215188357 -0.5575387697227223 -0.3005368805298747 -0.26341681644538406 -0.49938134657098177 0.20834706070387532 0.4722793795809124 -0.9714001499751397 -0.5201851800513246 -0.6256408214743334 0.09812049813428736 0.3188260557232878 0.48431318135191836 0.9320779520692708 -0.31417801831837266 0.8948875454374465 -0.9564837273266937 0.9201693063146774 -0.1444052569273575 -0.18992853662639964 0.7521756663963515 0.2186370511731912 -0.8103801938985717 -0.7581635818507957 0.7153104578294047 -0.9306143993785192 -0.4036576012961055 -0.684185489067719 -0.8716128759354032 0.21872113492271006 0.1504544272656032 
-0.8835945359793529 -0.9929295258140667 0.7022503094739412 -0.23339202156378702 -0.9458850678954589 -0.7266905600413376 0.4718755419128049 -0.8432148470480865 0.12394936592819827 0.4771679445193806 0.9914133909220448 0.6139774125066342 -0.6987980802682412 0.5492670429168687 0.07474235675762109 0.2667711030070248 -0.26599050411501857 -0.17017920204704495 0.7311893408585666 -0.2933898544044917 0.4718694201116018 -0.43707513753039917 0.8159767268925213 0.049083942234391165 0.9176249056967847 0.4269531292129627 0.45388632320113964 0.7114142997790747 -0.617545092936552 -0.7776678620109818 0.169481291097745 -0.31384553178217667 -0.13286483272339322 0.043961938077112794 0.5420092245199135 0.05538612690193068 0.044228753124180065 0.35817261432579817 0.2782603828808803 -0.8220046534635754 0.6677131679282484 0.5717394427600047 -0.5284783399429949 -0.4153268179778875 -0.8571284013624143 -0.18171045031054134 -0.9206536807156342 0.07735674948382032 -0.011636250700819195 0.41026476755862107 0.875009099433594 -0.02666823916447769 
-0.9330460679339245 -0.6310059634094529 -0.6916922172866147 -0.19772860814147353 0.07001408013473998 -0.24657590008602992 -0.2523274948320726 0.05182557595889303 0.8777281409582722 -0.3229707966702593 0.6794430864302896 -0.9774484656662905 -0.20594051883992504 -0.9255790043853458 -0.29596067542671367 0.6257904187539378 -0.8207590504462794 -0.21220290608231185 0.8517465064356036 -0.7859420399772294 -0.6183884833772326 -0.8658090154507536 0.24188717081422406 0.7338104072152223 0.6000270515671065 0.20515752752914573 0.3735505451709904 -0.671697435252609 0.6303710115004906 0.7850462849874671 -0.7580548802677192 -0.9294363089557978 -0.32191835261643464 -0.5254370645988353 -0.25856572429368163 -0.34513786727285445 -0.41896420524802225 0.3240463031864198 0.29352825188971243 -0.7274053407524199 0.27872911560106606 0.4344805740319049 0.2904378172580524 -0.08810590250065675 -0.5566357494530583 -0.7728501898989009 -0.18069169195146384 0.19045255875613298 0.0696346480992005 -0.31382332190890105 -0.47843262941559717 -0.6077987405500851 
0.8893168520067967 0.23149084831011812 0.6927825981823881 -0.4806258419826137 0.49344023315263685 0.9343527432223449 -0.5015988125342759 0.43390436865649784 0.6826719245780779 -0.9152757785849557 0.28535030468072065 0.0034049775808648874 -0.6522557443822263 0.22231340786929965 -0.7537665527067632 -0.15406538020232863 0.8630669092226857 0.9005870423867277 0.6906052616420706 -0.6064143208814696 0.7493102913899239 0.5408875306089485 -0.7083750691699482 -0.45410971727366656 0.835822760033403 -0.8204612419135624 -0.44385828040578934 -0.413340149248294 0.8773757001881428 0.974459543663224 0.4323984882690448 -0.8702590992271442 -0.33635348289913813 0.04613844306014947 0.9483183770800085 -0.6941567825410351 0.3235918922503578 -0.318997170359151 0.9916886904101274 0.2509974892284341 0.35612813338929605 -0.9924631023012089 -0.4776092202027158 -0.8272916300423092 0.8242633517037783 0.6942903630180488 0.5600801387757155 0.7985183596410288 -0.26514179396807047 -0.393366445187759 -0.6899297088805219 0.4316064427414632 
-0.629734310244056 0.9404396642796002 0.7754916262892444 0.38344994935175336 0.7694815196483871 0.6097746754264002 0.6950829020325113 -0.018713542347942536 -0.5670601072666466 -0.001427242774137083 0.6457264905837168 0.5453766046626491 0.8109495624056902 -0.5631950878554901 -0.35608551898452 0.4910781772595276 0.9496278428666998 0.9946479559497232 -0.7307474963253493 -0.02937026497954842 0.040006156481488864 -0.5551164905726049 -0.9994577764329056 -0.48934200344876166 -0.6145830091291451 0.9835956109323123 0.37767424110580006 0.8621214348566257 0.9936754971280144 0.5628008020825992 0.8926607690621422 0.5568889096618448 0.235544043206666 -0.33388312307188395 0.7511347209841288 0.6814368358041243 -0.9047804215549693 0.7905415734071035 0.637566921371485 -0.8562757854939533 0.04002943470304432 0.26700578468447045 -0.5577098007604493 -0.4426437844260962 -0.08374429032970943 0.00399568317607879 0.1654424448339451 -0.8883086683339705 -0.4200636394148556 0.9006174090223809 -0.7831290324333529 0.4595124388901073 
-0.34369520818284305 -0.1497716696295781 -0.06102741653564481 -0.49791653332005104 -0.8909865719979246 -0.9709536803773098 0.14059560312699926 0.0808469257016724 -0.7176426880461058 0.8270489724518821 0.6798818579891333 0.6675949053950572 -0.6242559967701438 0.1309899861816064 -0.23482380115747725 0.6717983585439531 0.5025085141254277 0.3701327300444328 0.8661943163834349 -0.7634720924892109 -0.1934974621215113 0.22374898036340096 -0.8410684830193547 -0.3610475844048362 -0.38491530572773436 0.6114330999761508 -0.29829678632981205 -0.13317224032291186 0.5490690070481636 -0.7156045409138772 0.4535933670941812 0.09708092346235953 -0.37723307030263986 -0.3946237212721191 0.9770353252030484 0.30002897211165624 0.018075357621239574 -0.0264797616053154 0.7755402460850875 0.06219371773993165 -0.8106766879271037 0.510803399813466 -0.6989062004358766 0.11761026588403767 -0.08243260206845471 -0.4391616821131379 0.9825933892197494 0.614738171066276 0.992938827506614 0.03452770807480343 -0.04143469634722097 -0.3175121033467154 
-0.6565726230499915 -0.5674664133098908 0.6537095346022772 -0.588613954703598 0.9001656696733924 -0.9145909755404316 0.3537053566266237 -0.5292910155882404 0.2451493971833476 -0.007253358951811784 -0.7787878528370344 0.2548356543738799 -0.705182236747482 -0.9975047907158101 0.07411977204785214 0.6461144251002242 0.20782534117913998 -0.1707100599524478 -0.9857479608449795 0.5438759953043466 -0.5131314217440399 -0.8960832804684948 -0.9941852631514574 0.749243690262205 0.23820569686927007 0.19748952145709997 0.26490790086063276 0.8803351603433822 -0.2456809406287943 0.2885485061946591 -0.7838400991249486 -0.04588062485384614 -0.06899290718940798 0.3459767562486771 0.4353067842923004 -0.8457572781473037 0.3027881024340364 -0.9327536900920115 0.6208704080776437 0.30574501643306906 0.7054162795755101 0.8243813171189416 -0.756823176673932 -0.8721390978280308 0.3412078476865017 0.603934352863621 -0.6550471492764316 0.4334152836865339 -0.27760659630045414 -0.56661328334819 0.44742660231179276 -0.42325842220810195 
0.8965180070072403 -0.5599000386291957 0.8088828364181466 -0.45822392047948046 0.2716237640807906 -0.03726243133289486 0.4483659404326652 -0.823508927472312 0.8142361983143362 -0.9898428232847067 0.756047376371636 -0.8256464369762406 -0.6220351296207984 -0.681381410401892 -0.5338659528048177 -0.7335758089373603 -0.5432009157883868 -0.45155662434774824 0.48175616658801323 -0.5670469887046694 -0.23371330897109321 -0.6515830659531205 -0.7578813070856192 -0.9882565557921763 -0.15133365718161707 0.6922439485938148 -0.021813557452879717 0.491167208674707 -0.6096452483247037 -0.6895617988934097 -0.8146763425358521 0.3967300988714684 0.4629080506372518 0.33443352420821704 -0.3736737548683864 0.29091485650721616 -0.004110237167089803 0.44118975452382614 0.3130471363051086 0.308288518831652 0.6939591973173607 0.941098512483814 -0.6437683866889865 0.4417526183846048 -0.4828122407424491 -0.43088362392608426 -0.8276065284060552 0.042080405695578804 0.6092844787743168 0.46746001391613445 -0.418163765225124 0.14670587343474262 
0.5761631353823411 -0.745877056301663 0.4863158130729046 -0.4559018639827579 0.09590628300044912 0.6386593413512345 -0.6011395498621459 -0.9776258153936119 -0.6687348724773226 -0.8522608993533232 -0.16903275521668681 -0.44137780918725533 -0.7232694494655107 -0.001751431942828452 -0.5080805771266064 -0.4052376120218477 -0.7894885309738879 -0.9632652305940865 0.17371453206227105 -0.7011699211315001 0.32901925377570884 -0.9069261981100416 0.2912551097403224 0.9728107144814282 0.5056017616961712 0.5718033212901188 -0.5718450458858182 -0.16521548842998168 -0.14249081589786616 0.8729114159552185 -0.718914879699514 -0.945283983012914 0.12337970681040167 -0.31863423727410445 -0.6678110379784079 -0.4612715541961627 -0.1122503277044955 -0.30883390591647064 -0.9942741271414113 -0.5303936491797501 -0.04200084768700596 -0.36933601924857373 0.21859722638863555 0.8819716577023109 -0.48309612582043404 -0.8089220351252671 -0.5294327023227114 0.6035757296881066 0.9671564275566233 -0.5276690295074045 -0.5220876835884383 -0.22050697599781977 
0.2624188565488723 0.36613762818446194 0.8638124623298302 0.5530032030063727 -0.4071688916264453 0.5089100505701649 0.4922625388550961 -0.732423954164438 -0.7906985127471968 -0.8046358561451863 -0.16406467762977717 -0.8970964200645977 0.42322572142362036 0.6010129056916151 0.1902115471024115 -0.136950896943965 -0.165780771785631 -0.8954538571650719 0.9313916785696292 -0.504680286913062 -0.14823398442283864 -0.7142586238056496 -0.6737887403444609 -0.8891108963039507 0.8776246287010574 -0.905013683547834 0.805886504009649 0.47833658534355017 0.20410703664647278 -0.6035674841014165 0.2934690270716662 -0.7960853752148409 0.1287379051776094 0.687516769633713 0.35821424559611925 0.9522257253816029 -0.28314072937877777 -0.21584628611368184 0.4826260098676618 0.6252565273928854 0.24792590078190369 -0.9261776466829881 0.07515938957977153 -0.2198481783110937 -0.8660201460164136 -0.9471513164358158 0.5244957103087482 0.13416388569092041 0.8239716238341872 0.14274556190214205 -0.474986720187595 -0.15228922881205342 
-0.607305845233499 -0.3009479846183465 -0.8316598544884355 0.8210840110237747 -0.6328358389874402 0.4560710465407458 0.017698450352646056 -0.42316192412447484 0.38375984150902287 0.2283248449948223 -0.8047671500544706 0.7433331858535255 -0.31244107227575846 -0.4301598264452535 -0.06678431726355982 0.8269093190197898 0.3942557162162035 0.7855547753425494 0.11434584145102233 0.10945712507407457 0.42551100006610376 0.327715956891347 0.8752107106600573 -0.9077016537851772 -0.056217885906589826 -0.8549250920087661 0.47909828090527995 0.1655654648281939 0.6950796342780223 0.6099006089175363 -0.40162978318691467 0.9916105197946103 -0.8462171994629364 0.20074729860469964 -0.35011203710045136 -0.4762164022418405 -0.1978661734525231 0.6226880316776542 -0.40881355556107546 0.04120805708554842 -0.8058673428723009 -0.7980123523407929 -0.9363196293854852 -0.476365556685014 -0.9542947716189127 0.5699511855193586 0.44396817708405223 -0.588088872521846 -0.506093305311295 0.35519133697524685 0.2560184264582639 -0.015024526155566598 
-0.848055184577045 0.7661063668934491 0.18075332442345382 0.16785001744308192 -0.3172620415544549 -0.8794108709115909 -0.0619394523827832 0.4351327966759062 -0.8673627269635893 -0.1075468458510016 0.0413040054485756 0.2507219387682551 0.053041866590122666 -0.30804159366603456 -0.7934925849537553 -0.07969322309091398 -0.2107335647093258 -0.9692574611540523 -0.7843119769380844 -0.8866785051836081 0.6833167865138046 -0.6611293905180811 0.10732645143012598 -0.6850581621783991 0.8156873279519015 -0.9700624305998253 -0.5404904195957618 0.3268427174725024 -0.3434607608119049 0.35678987187345057 0.4778213338610382 0.68898703314257 0.38902821935778276 -0.010998471734809723 -0.15978046233707888 0.7447293264028205 -0.2143709457927805 -0.5919012863046562 -0.6009855599812659 -0.3262788306597735 0.3515757971949207 -0.3076339500544416 -0.6320701328213671 0.042001746365092796 -0.5461631461271135 -0.14915019690964515 -0.4493466160935855 0.1281047439128602 -0.12405992491403195 0.15755326824497873 0.1534552867287753 -0.5489967987852431 
0.34050022272578695 -0.8518461758603375 -0.14994597237274454 0.12053047269574568 -0.05899218598991318 -0.6624388778433514 0.703364544558648 0.07169397884436135 -0.06447529887888837 0.23250775258953937 -0.125757781989269 -0.3713023736439838 -0.8257042673771773 -0.9266831378874816 -0.9434013947745712 -0.7801374128898879 -0.18885088560429697 0.32333309784751796 -0.5717097113545362 0.253995903436526 0.374185631030838 0.2691557390410615 -0.9888437189649888 -0.058695800402130294 -0.7976722930606965 -0.6993697604887659 -0.14923015275543627 0.4370252972429902 0.6017788561822586 -0.20165483481665625 0.645919842721848 -0.9893711731541173 -0.6675250444393819 -0.752058004216754 -0.5759291641171282 -0.6905922318260649 -0.8022764816081009 -0.9473345560176925 -0.051104412770845764 -0.4331771936971518 0.8859123948237173 -0.5954063567561865 -0.7917775030440424 0.5993030918760147 0.1829570728689205 -0.18381110943346135 -0.07582707579661507 -0.6747351205426344 -0.02662488356490078 0.9026976904339854 -0.5449400659703336 -0.23534532098236305 
-0.05976423864831082 0.350504214286947 0.682345383290988 -0.2068040644396456 0.41887420270623 0.4152190138283016 0.4826660653062256 -0.3529900354529556 -0.7212590045744851 -0.3048725011620137 -0.21313071256352356 0.32774640139934075 0.8284660426975277 -0.3443760025695679 0.8022713134148827 0.9304555741896832 -0.23350272019424612 -0.6096830396458539 -0.9044901967764181 0.36147610338702196 -0.4410994413183529 -0.23489420815130457 -0.8786756770793673 0.5000626168715128 -0.43873023664456956 0.8259548692507681 0.6785709670025413 0.48871293180763264 -0.8761504651094227 0.112648222397006 -0.4690053528964415 0.8682941618033775 -0.23029046145867027 0.5489220968409645 0.9606541551062422 0.31266366468912277 -0.49952046311053633 -0.4637016602499824 -0.9705920756795074 0.8197513274364117 -0.8733149286465842 0.16256055251297585 -0.6382120907792979 -0.21182299643828273 0.8967711523768662 0.26820889909449774 -0.04886880700728624 0.08174636973964766 -0.8925115483165811 -0.37813629998539167 -0.19258578112882896 -0.5623283706862094 
0.4303800520214618 0.9157732347312701 -0.08239553577442305 0.4793352311349328 0.08524471207328177 0.3673935029947286 -0.6437181715534062 0.3555968999362942 0.25429560257881834 0.5561774676121272 -0.7820945840661329 -0.8509697585874023 -0.41065833565350207 0.617686026930393 0.3574213781767823 0.058101074695108945 -0.5632012191531026 0.22628624068280545 -0.31510680448409545 -0.9625000592257098 -0.795936515110983 0.6773078063271829 0.8484764256927375 0.5548150347688323 0.15959102441505402 -0.38334488165466074 0.2285737855274057 0.0034129951421164595 -0.8343123590234911 0.6351330557513628 -0.5726764628154319 -0.42681270014566675 0.40725369666458233 -0.10334324465374767 -0.41174922277881065 -0.03567421773479351 -0.5934215851508908 0.7721387108661804 -0.4704707233914187 0.9143225476512824 -0.6348704056516297 -0.9125865534744106 0.06787597719824601 -0.970846290074397 0.16052284743724465 0.8679890970218607 0.08315011023979024 -0.9820555308175472 0.103124481447056 -0.20796572048612272 -0.6864530606662209 0.9453010299737505 
0.7767168956543244 -0.03424541611711063 -0.5093221320637944 -0.7090506975649946 0.7951991197802009 -0.9777659361661273 -0.06717746143312597 -0.45320906062878175 0.9953122386764472 0.9497335321261327 0.7050453028850541 0.8155928087474462 -0.7885296535951691 -0.7338330209900785 0.6243962754357764 0.21406796276611484 -0.5814781963202424 0.6866235228925193 -0.15171000599343865 -0.810480743244218 -0.9354132258466388 0.4339998864736512 -0.47574570354859347 0.6712734043891022 0.459145273109125 0.5311689182555117 -0.024519178200417713 0.9577993228230188 0.3447130665513407 0.7965513066600522 -0.6696772291858897 0.16793195456875787 -0.14817770731791735 0.8875196238701484 -0.877157494775689 -0.19032069798980888 -0.7760400148014199 0.6116236665024248 0.5476591525025456 0.5848758882349239 -0.23482790353648508 -0.5486097070961407 0.2089884273420568 0.627056788220419 0.8023310718130874 -0.2887602164509493 0.18287273565903073 0.517402488532551 -0.17983559648886094 0.5940986220439193 -0.46189067256908145 0.4148760532893545 
0.6956641930043481 -0.12329073117516076 -0.4804881788877218 0.8559758594868838 -0.5470070980713071 0.8331581872308931 -0.7944471448229553 0.07121682914527683 0.5191013827145188 -0.8903781776381716 -0.1745530296400395 0.3741136897568389 -0.5056413208810546 0.9946661958329543 -0.40153861787274425 0.6423846027582569 -0.8611101257056144 -0.020817950460622292 0.7826728803739404 0.6829622822140751 0.056490876460245865 0.13644962844999542 -0.9272653580512566 0.3721225786835296 -0.26312618869239657 -0.6009169197190498 -0.39593033095720487 0.11315513409586009 -0.019682674971243097 0.012773148794370526 -0.2967177538171961 -0.02946669768949617 

LAYER_ACTIVATION sigmoid
SIZE 4
INPUT_COUNT 32
WEIGHTS_MULTIPLIER 1.00
0.11194630550063578 -0.761085750139755 -0.10572953871007074 0.028505867403549656 0.3864458462603384 -0.9939656053172135 -0.22969840355518345 -0.7193116278622065 0.9645943941344199 0.14961081207157778 -0.6040289854522332 -0.6725465542442526 0.7963159777817665 0.3394709746327711 0.9539896893152848 -0.7856027614885963 -0.9864296026457511 -0.3759524756347512 -0.7595010124385593 0.45028981544178426 0.5473837602461351 -0.7398186993661235 0.5024042661045101 -0.6343522494655895 0.2636304748898508 -0.8131427955718822 -0.15337118134271788 0.7250322080318956 -0.6301677209162118 0.13999794885429018 -0.8220452588546994 0.4866426695123267 
-0.9786260250414283 0.22411252924646652 -0.7609137547304159 -0.25904630509824833 0.9096759506343468 0.850538822265938 -0.3610608625619054 0.13680446685495662 -0.5299044236093899 -0.8257795562080035 0.10298623530985118 -0.7194086207734876 -0.7485794535078361 0.7624723708576551 -0.8957213538389333 -0.8763851334877304 -0.2758908684557886 0.09407056883943521 -0.06847694521798164 -0.7870622292280849 -0.8366613618205165 -0.378129513965219 0.6833024217589259 -0.708612375235355 -0.10428177369948788 0.9780577063204805 0.9737569655978879 0.7820278094674038 -0.7372288774561393 0.03965473122153895 -0.49211004815006065 0.6148418281813475 
0.24863439331439108 0.13574532368262027 -0.28739980952089206 0.5094898140963928 0.5861384288225069 0.6518888346600795 -0.7218449934120061 0.6717455425239223 0.3161078773207828 -0.32999159855076265 -0.7059544621061635 -0.6539209810142737 -0.8970093577876157 -0.20190740775260063 0.3128298205852469 -0.9836096530481704 0.3616428152101663 -0.25503140801944646 -0.6358619031465582 -0.764235187324454 -0.41615131777309156 -0.5029102881532057 0.7749446721363025 0.3126521368115871 -0.8650239708609122 -0.0822970205735103 -0.2963817203212895 0.9480699316849139 -0.00953912465575324 -0.6822135598066654 -0.8031635417233056 0.5905033345891815 
-0.19472220925160522 -0.2068199615577222 -0.01764258619337955 0.8707311818772476 0.06547581501467836 0.4163474983452522 0.008800508742139224 -0.004463559833961961 -0.852936029360146 -0.07463345284153866 -0.2668653680842963 0.02938026633467672 -0.7441684308309999 0.2686431967845433 -0.5569576305256596 -0.5077495803093259 -0.6021287396492254 -0.23274638793176883 0.41720197116971725 0.7484530870508006 -0.164580395361402 -0.6104655662643126 -0.7890716815852434 0.26358385915102556 0.5192722885385836 0.42630209155714516 0.9067568943532476 -0.48803311028063434 0.3366298651842754 -0.6001672463620171 0.969468464108421 0.2958790147648416 
0.2499569708033771 0.0923136626817771 0.820043472331482 -0.31875908196195835 
