LAYER_ACTIVATION input_layer
SIZE 52
INPUT_COUNT 0
WEIGHTS_MULTIPLIER 1.00

LAYER_ACTIVATION relu
SIZE 32
INPUT_COUNT 52
WEIGHTS_MULTIPLIER 1.00
0.18531610526914233 -0.845118052963991 0.49794501742436625 0.05524965545456051 0.21657570300921147 0.047471605113719395 0.6379168748894037 0.7894189139373542 0.03299377704651274 0.05025962984144794 0.9984507050704143 -0.4500652819086235 -0.651309127609176 -0.11531720118970612 -0.8969347896989921 -0.20561663670077612 -0.1268602357216546 -0.8539558907161997 -0.5871077736838846 0.2384118718810062 -0.4338275421249389 -0.17642316287821136 0.3037371432504179 -0.842687835804669 0.07551336396622532 0.4240005073035402 0.12800602745272216 0.6096923139761814 -0.5635211322101381 0.3455868191431837 -0.9227256353973454 -0.6585951659593532 0.6914734508513918 0.5552210599487815 -0.9097291887092043 0.6996626281473373 -0.0025516955483908532 -0.6983877710536324 -0.2094031924476274 -0.459570978279324 -0.9900539465644296 -0.4317587596989796 -0.8712000187274396 -0.5856807242834825 0.08972129921455485 -0.6281409354244039 0.01384395618562051 0.7470360992966656 0.7061755557065523 0.13525411201284543 -0.6782951672165387 -0.725511948987513 
0.5357236716634324 0.08144770139619739 0.21960534103871376 0.669998711248543 -0.21295945684935935 0.7354277754233325 0.5790782086377606 -0.8854383484992845 0.37499958403885225 0.7692177421962325 -0.7006715053611274 0.16656648062548585 0.4496681061938972 -0.4463389495808485 0.3346332002669907 -0.019615213261371167 0.2653315548317232 0.4421156733426219 0.2989034277160172 -0.006827871759901738 0.39579412390957525 0.6761666193585505 -0.5969841447045812 -0.06363552963597519 -0.4282011678503699 -0.7007478011908164 -0.05566770364837681 -0.05840690418211847 0.8855871465236711 0.10431057578245828 0.9588453540642119 -0.25123459772574175 0.5695448308303563 0.902444956550287 0.5343159117277592 0.6802548056245743 0.28086845274095373 0.3832750202190165 0.131072375670102 -0.5618912716271538 -0.23797489961146834 -0.5773337585246952 -0.9408796873889911 -0.9136177646151062 0.007009051422391055 0.5067070181686246 0.2119993721086908 0.15991625433329104 -0.11879148606370293 0.39507544737040967 0.7581933917474875 -0.27668298001507186 
0.24863890136110367 0.008649044926763327 -0.8252288374705572 0.798952240678074 -0.7267514158308017 0.24621937467892452 -0.16526696952391973 0.056911691913527074 -0.8350450280385004 -0.5893044802009388 -0.7791458063146623 0.2575435815251297 0.16298129838930175 -0.08814765210789233 0.18085924456994662 -0.28088333144237265 -0.20401744460952997 -0.7772064655890412 -0.2735763689292259 0.6335963436880157 -0.14182833709037257 -0.8979647749999122 0.6836786079131913 0.6438988604187825 -0.14951418288605756 0.9378012319835303 -0.013312689428206514 -0.18227255123442898 0.3766761165857775 -0.8814502608717125 -0.24275141761052232 0.19944558378653832 -0.3499884392737136 0.4763148167348892 -0.8150435837447498 0.7931218534878612 0.8418185414150516 0.34862397828287817 -0.5532478466072084 0.061878796077786014 0.397982093246793 0.45384904278263694 -0.2357098674745155 0.3315559591762425 0.4855327853627087 0.34340065500512895 -0.20320627643348832 -0.2592576887589242 -0.30981137657290136 -0.13623984825275293 0.5578160602030124 -0.6116878239957066 
-0.4256855246237534 0.5810807373724973 -0.140783330230275 -0.17563042977281618 -0.7347711118608586 0.07810938320417926 0.420249430123105 -0.9832090607542214 0.554509560280799 -0.8323248163850963 0.4829561065535284 -0.9774173913860997 0.0370392164952944 0.27744868898234176 -0.0424001221357202 -0.7248299387924577 -0.5033915409888101 -0.5507091621557061 -0.9315616088986869 -0.959514874436836 -0.06562633969789333 0.8739284957654174 -0.2343963618193592 0.32591298167463867 0.3381641682978056 -0.2976076274603632 -0.08569179761211632 -0.8887321853024104 0.4617063978871865 -0.49719978254791775 0.18426742441613198 -0.6901568767661534 -0.8090899240692804 0.7959873473419479 0.9556380883654527 0.4561741305488427 -0.6271217100707609 0.2247496216468301 0.9166277782915684 -0.8908516203109453 -0.1772635648486316 0.6364316972647548 -0.9813408933220069 -0.7381038101300024 0.6469798167149874 0.780517310171873 -0.028869393429654222 0.5556520398792653 -0.5827434334482406 0.7193752814838577 0.2714471181253204 -0.33591212403072657 
0.046431208219615216 0.5513695186521572 -0.2660909476895552 0.2563431266260525 0.20724142616308527 -0.030133366045328014 -0.41193994208440365 0.623130953152033 0.08742049318333955 0.1758915155662788 -0.45265614083769834 -0.5456727195573501 0.7413897689320648 0.9606901928119442 -0.6812812395035586 -0.013540579026072308 0.3402868832401422 0.2769150416978057 -0.26049327694017 0.3032933108967122 0.5131780317506307 0.9947321859609626 0.8001166061222078 -0.5872860578119576 -0.4645693581675612 0.5273884013289256 -0.5350475225512075 -0.31191549585277745 -0.025900545215090887 0.3919668725776897 -0.1342112121423069 -0.9022095513827426 -0.25715149193411224 -0.5359766078357802 -0.12463868760963837 -0.1918017537498562 -0.20398820325526223 0.7146270938415027 0.965279336055574 -0.02358972337740939 -0.8493455090619584 -0.6968970063372277 -0.4467946425583904 0.8057373473637452 0.13280083017409372 0.5710690033002994 0.49170628286766593 -0.33411649850853165 0.01905397643604201 -0.9158067217951007 0.9660298413323025 -0.42243516818686233 
0.8916877939579169 -0.9258284830429897 -0.3291185359363713 0.17987980972595352 -0.9697809137823992 0.9492055961559893 0.48840241971508314 -0.9282385425425725 0.9729618730020615 0.8960153780599649 -0.6585245031433768 -0.08985721718974693 -0.3348827866777744 0.7530119960305786 0.6241327720410583 0.7317346433425795 -0.5149559599364675 0.6445150135112818 0.9011562392517409 0.6153968220931436 0.3237399988714271 -0.8267634081383795 -0.40412867720734535 -0.28524486549210337 0.7972846648451246 -0.2772416735849188 0.23501585973773365 0.8781751495859775 0.6558085796566373 -0.9481848298507409 0.16708367551724024 0.29431195118155995 0.8012821023044134 0.5120146445151823 0.33492886263063815 0.9869321730434333 0.9964540076951915 0.7558120450680026 -0.9061276861712171 -0.18911344485629278 0.7344135388214401 -0.5614751757223388 -0.035548976399841115 0.34994468145309665 -0.8657955608536041 -0.5419369842995758 0.8477996112114996 -0.19044763439303547 0.01089261959100507 0.48095705396441657 -0.019980345690471468 -0.1583139465778518 
0.8122741121562211 -0.13000087220401846 0.8210410881949759 -0.9430283666502686 -0.1531706909952011 -0.2966271660975046 -0.6234389986724547 -0.36975875851732276 -0.43235064403281 -0.14162149424215342 -0.9381737530848522 -0.07819971689371474 -0.011592985943883694 -0.3094421060301704 -0.17135034694792317 -0.11183298831106847 -0.15189570481241188 -0.24892472788736986 -0.4619098749932318 0.7418461552659796 0.29421125480046273 0.7201011695722805 -0.4776399765946888 -0.9568779361538913 -0.041892472297858196 -0.6413327632596952 0.8377882707298534 0.5075429070637367 -0.22335001639521823 0.9244618473926933 -0.304333838489226 -0.2909767890936792 0.0768693420285107 -0.6165670074230853 -0.1071155387856706 -0.33334127841957595 0.8077923144485637 -0.19126289887570747 0.6791332854640382 0.2261656470157698 -0.1643207932291264 -0.9155103030364034 -0.8521059365539296 -0.4702794967303865 -0.45667519857563543 0.13016767348383596 -0.6714478731427809 0.3640398491469983 -0.5931004556094766 0.8324590322358829 -0.05201488587437075 -0.0086293710831582 
-0.0357302900675196 0.7489507024714894 0.5464227196003042 0.4365329327798748 -0.6580179897863094 0.19747033022896 -0.6932255477933578 -0.04208593408378225 -0.723948772878271 0.6823789507884126 -0.4463443281437913 -0.6744784595879494 -0.7788520650368762 -0.3910039050434635 -0.08421385327715103 -0.17963943162312668 -0.10978718042785895 0.4523069646444762 -0.5659196351231335 0.9905180290298727 0.170287210383683 0.7594387133776108 0.23736073321550588 -0.025025906413199905 -0.006086812916824114 -0.007699719035754171 0.5799586470520455 0.06821055453176816 -0.1536914771393274 0.04174506935753697 0.5162876548016937 -0.1747330115597303 0.41722831151796824 0.8549967264739071 0.47169352869499903 -0.01860548173044685 -0.12514616941002932 -0.5665568411472983 -0.22400753134339935 0.46359882149879783 0.41896657670400095 -0.9179331871193419 -0.25495069043725094 -0.1608001071849645 0.7682750257949567 -0.24195237067830977 -0.46203678513284596 0.7612798271947441 -0.13031831144909933 0.840100544162161 -0.31260165427331876 0.5801616418732856 
0.692643573072258 0.3628552558458089 0.1163974776505261 -0.35698942873776907 -0.7796256154821153 -0.6154316671841993 -0.03715956983240676 0.3094844966723158 0.7584352333771391 -0.29479633538149175 0.3180346149885538 0.973310498611244 0.05602739592770556 0.14476857145501332 -0.8843722144006396 0.18731362597248902 0.13994050631330546 0.5514932697767487 0.6855680070670787 0.42472013486269256 -0.4393225839821693 -0.3137431821961367 -0.9680680117328133 0.09775209643773675 -0.3917018874200058 -0.46781869977810064 -0.14159529070207721 0.7760325218863611 0.4408896078024114 0.1595714490806075 -0.916372134115139 -0.12178750638515079 0.7240429006504703 -0.20148787488474662 0.7008646582834828 -0.8745324537357679 0.09235413319405694 -0.5091852109110433 -0.3508297767931181 -0.19996511654214966 0.7149480864834259 -0.2114260512742323 0.9458285358067753 -0.05631138474169073 0.47578946391624743 -0.44908708281964116 0.28036125016648183 -0.7555327999926469 0.9146795792717473 -0.1681632342602588 -0.8331017086749222 -0.7813558195548844 
0.5261507903954341 -0.9449071797574682 -0.06733629201705016 0.6955048405477764 -0.5688220221002782 0.8283975664628711 -0.9005969148957227 0.5797492053547382 -0.13697947543623634 -0.4434864257843356 -0.31728306548993235 -0.8333594010603438 -0.3166966342360422 -0.0996320589644939 0.8902300711047959 -0.14038439669940228 -0.08344704035654216 -0.6397677859126951 -0.4976821205308406 0.35771039571402796 -0.2742399333311709 -0.8596598764643286 0.23261157639029206 0.6902970867324583 -0.9719581240479755 -0.4112067258558243 0.9941592283932346 -0.6035567866159064 -0.41391535307613303 -0.503901769034415 -0.8101852837106109 0.08940872249416465 0.5434258035965622 -0.6486275688662386 0.9352009050461632 0.5197060927737247 0.8936918521481036 -0.639811694220525 0.9054490345570447 -0.8095324506752182 0.3635468323011104 -0.6147515302274025 -0.06309885633131729 -0.7161109571532789 -0.9364320179297028 0.9705748394021985 0.23039898990102792 0.32760156377959504 -0.7706903401796918 -0.9251980406441505 0.3278905490490409 -0.055293443153120014 
-0.5830720104861018 0.556746051748789 -0.30302265251440264 0.14475513123076134 -0.7435880134102644 0.17709355329796583 0.9044205369939866 0.02990036073268376 -0.09379375500769949 -0.758284378458715 -0.5776402575339841 0.4682945703974246 -0.3371730830300719 -0.6324890799717684 -0.3907105872380028 -0.514003035793275 0.56147080829298 -0.5199094369323145 0.06914618454045351 0.016788135741053756 0.5696062663207011 0.9308909363620264 0.7585174179286691 -0.351429024083765 -0.5633975316083435 -0.6722133803274066 -0.12863124566040507 0.5680594916794928 0.9963441996844686 0.5595320317200312 0.5595100624313245 -0.31678174811959514 0.38755067336098104 -0.7851304296869501 -0.9180898691797026 -0.9048889919753078 -0.1431493873079548 0.4637062263240448 0.8193002380336329 -0.4736329416174281 0.8126685807467364 0.8784665784692907 0.24729422667107248 -0.8433142445210122 0.50695035361742 -0.49062572580610153 -0.01192713112007815 0.64396057253653 0.9931696021870187 0.17149020984187002 -0.8209706103207648 -0.19818444036327088 
0.534273001837946 0.717871111216762 0.7750266745075727 0.36504615640593396 0.12972959845432253 -0.6822165065524883 -0.7734302418667109 0.0829963647047538 -0.979297283521291 -0.8356673802926284 0.6722463464586643 -0.26081374293968107 -0.3221796457901054 -0.14022266231158342 -0.5334507136368727 -0.2487860997420024 0.054116130779189975 0.5027705670040243 -0.17528483188014699 -0.8909877578991812 -0.27795899190909923 -0.835800668326105 0.4107310625585747 -0.569590314571959 -0.7959077205562513 0.732644142768744 -0.2329765196651643 -0.21079806158552916 0.29390719476903504 -0.2147263309948524 0.6910209964449969 -0.8800076633355713 0.6645446017775269 -0.4398248098586315 0.6208795320271019 -0.17957998608016146 -0.5340916668780065 0.9867591495579593 -0.20738906769755983 -0.7020896928184832 -0.0948711676179026 -0.597813300049862 -0.6138037032747157 -0.8088209333308647 0.9131990412733471 0.41340398341441364 -0.6120506996284925 -0.8869774717879317 0.6124671823467038 -0.8362456101697873 -0.5912937556475377 -0.03145311058142508 
-0.7695709221562788 0.6691081810701045 0.04310394552452523 0.593632428175811 0.8705399639286011 -0.1203853392363754 0.9885969650856725 -0.9676186965108924 -0.4069050105209082 0.2683007271251212 0.22579985692607485 -0.6731988409608387 0.8398745721296914 0.14828001229805565 0.34240185665103007 0.9550951667004228 0.9226263168123978 -0.4123361491155382 -0.6917635668279134 -0.643290866575452 -0.04758083984793382 0.13970698893095967 0.1517077906209212 0.4199777579203141 0.2283480376533613 0.44031674220441097 0.36349326711432783 0.7078105037720672 0.5587735550414272 -0.4046203304069813 0.23356247990493118 0.8060735239088017 0.990944136401358 0.03382798989145552 0.7328797178738544 -0.8731239597618399 0.8130884744466589 0.8392561482523091 -0.4296678721162315 -0.5587944746782127 -0.22661289644333138 0.6472335434576162 -0.5709347670037346 -0.6236614483829188 0.7776488987165919 0.287831013269477 -0.19362562593239474 -0.7208397370022552 -0.4498764962391162 0.6835579874268369 0.801565823268704 -0.15139270286548423 
0.5263579315534039 0.5168825817209977 0.613144686855055 -0.8166929222816757 0.9614395852396869 0.5864028925042781 0.32875282189515986 -0.4102104911344593 0.8372923423644396 0.9051880204197993 0.11055722326318307 0.5395211549142891 -0.1468494538951719 -0.8576559015224392 0.4813954240283682 0.5530849496856303 -0.437501258243024 0.1845035326484723 0.541723620353785 0.6368392574186916 0.8479936412587905 -0.00965682642852217 -0.1829756884771463 0.8954798165439071 0.6061421644632843 0.6464834576610952 -0.08526461206449176 -0.266148664740288 0.8567421177703776 -0.33905006517217373 -0.7955986308189045 -0.1765116667401203 0.49484841194324036 -0.8755818621591756 0.026920863973299847 -0.4938492290250016 -0.9640107345363729 0.7040309143209438 -0.9121256419801598 -0.895981034723563 -0.4381831829004261 -0.02807394535658525 -0.6151754032793229 -0.6714617966193994 0.02665159974986997 -0.4766885840168762 -0.23642989789090496 0.19411980608965052 -0.857265585679168 -0.41534974662156166 -0.9813640717049175 0.4950098205765501 
-0.7427138433802574 -0.7781007213589111 -0.2385914490282337 -0.566469105316963 0.05680261556296662 0.07835314963575302 -0.26062651001821857 0.6221591100465473 -0.15001751571498212 0.8948118145259931 0.10906542310350953 0.3496995802808105 -0.40898078579289576 0.6308722990949955 0.6843672122068449 -0.989382019700014 -0.32774957544645034 0.533601255902797 0.13467206367354678 -0.59915806191958 0.8552822199046419 0.8495490547456115 -0.42610316792203506 0.2872105022838958 -0.8350720934152607 0.3015787660567508 0.29824209466804485 0.8250541293098723 -0.9550095055489181 -0.004452650784426471 -0.011897137299602623 -0.4954172716301781 0.20376191075777017 -0.7254458414012661 -0.9512943461886054 -0.7085611847348714 0.7227283122896531 -0.16490266672777243 0.9589454676533109 -0.41549802783843925 0.21398364470668962 -0.20282103139905838 0.15608691802424324 -0.429065971541035 0.9226569603590582 -0.480458718354144 0.7448130838740421 0.5015468049987084 0.883204932143915 0.41060250216938177 -0.49684493095947957 0.19285046883923362 
-0.3656718732180939 0.42949761886795956 -0.548297644265427 -0.6652117453113255 0.40625742251904295 0.7355704104152316 0.7674257080912656 -0.5918158300079615 -0.739602191046397 -0.27581404195734005 -0.9829424098867376 -0.43996550988475813 0.6575276242732591 -0.8262978782887851 -0.4707388488744446 -0.17590498963281886 -0.696788974797008 -0.5797118324249442 0.738241009044261 -0.4502323188198607 -0.8349083151784886 -0.9249680445343946 0.01809469825983867 0.45264546627072155 -0.8451750065516894 -0.7145395743116214 0.8965867125927323 -0.7455404866040325 -0.22156798922102316 -0.9311128889620126 0.8026481963089414 0.09356774703799342 0.14390256919090993 -0.43518253868809853 -0.19724811387800756 -0.3362817419351114 -0.5464369675702974 0.5146470945200929 -0.9819498104311841 0.006947681328402844 0.04207530668534343 -0.6860978861767535 0.2157047060427144 -0.7804592323433548 0.18817750731553673 -0.5505796683453701 -0.8630168857601823 -0.7520694080487749 0.12168559750833485 0.09287420331409324 -0.5964101742720522 -0.08745144116413184 
-0.12687461429992686 -0.39373303401855275 -0.06901701944241156 -0.9594234612927293 -0.9084076374763128 -0.6037456689758944 -0.1631214084936361 -0.5898911742126669 0.937708305443059 -0.9336656332939126 -0.5893380129205221 0.5644472442759678 -0.30756390512543796 -0.7148909952865259 -0.4089102497422308 0.4774855317538682 0.5760862508057225 -0.8614054345332354 -0.8016323068647282 -0.4491487916175241 0.7983505518425964 -0.29255423200596264 -0.6520703921696958 -0.3981667233727675 -0.1656812650466728 0.48014700078567873 0.7871321019949984 0.33942159358037594 0.6732259685659008 0.3572544202306003 0.8455471341045926 0.5329412357307688 -0.8878211072431856 -0.08514839686134135 0.12182655750642546 -0.707791584263447 0.2679373173206532 -0.23419813164506031 -0.3927698050256683 0.44480467250192945 -0.1956170850227401 -0.08477760823803471 0.9798606739904119 -0.8443281600044357 -0.27365644433052116 -0.14769616669827235 -0.8792410757579978 -0.045216117967376235 -0.6120680781796441 -0.8977373282300494 -0.3729799508956988 -0.12032829484781593 
-0.34310053696121523 0.4984363349575234 0.20151815333940815 0.2388155547008226 -0.8200469198662472 0.7136668228019174 0.5680163750477683 -0.7501367492860489 0.3049812491889923 -0.9719897497672261 -0.6057086710284723 -0.8889318961025219 -0.7590792330768075 -0.8412347762894834 -0.7879700273497068 -0.7685155866414919 0.05423818514927525 0.4410600964665121 0.928881170594128 -0.4674877325554714 -0.40451339217383087 -0.6981259034706744 -0.6242897216879055 -0.07432209971193227 0.6896039314674598 0.013877164695662358 0.86357492025666 -0.6796574736522771 -0.012658858553431962 -0.5597428425769433 0.11247388019090088 0.383544592635759 -0.5190676270301944 -0.2258127169505333 -0.6103838996733901 0.5354281607505789 -0.8727905412595154 0.17256907664886878 0.949499844150713 -0.8470396829346283 -0.42676148347513077 -0.4235834793548059 -0.8978235488710775 -0.300862903620702 0.458682844878447 0.3131959314753885 -0.2871770126585276 -0.6763034498682972 -0.19998834721839343 0.4239415901547663 -0.6770991244578386 0.04164280727049907 
-0.8197227049918423 -0.3510913796452182 0.07809561296907686 -0.05979958536906915 0.606282532303904 0.17542528850824013 0.41746178145367807 0.39583163423804524 0.0375594445856795 0.23600524026103153 -0.9509216157383791 0.4838366767067026 0.6443938696688625 -0.7542825589237838 -0.5623824723070618 0.5516758229196272 -0.5951045338268526 -0.6291285421197563 -0.1514546852643408 0.8344681614045808 -0.03304401158119297 -0.05740576256552976 -0.14136775549333902 0.9533405691086285 -0.37359929791391155 0.6702467365466762 0.012356303545753677 -0.874598482856827 -0.9263933705711385 -0.9498821271964508 0.3448777400805001 0.49586293965363737 -0.6243344900226919 0.4057241956531419 -0.19551292018751054 0.49220453594834823 0.5957222199775882 0.939515656129557 0.9812196869899914 0.24254016822137436 -0.9614710572143945 -0.10232850517392 -0.8250707662325238 -0.4758473182351852 -0.838057695987994 0.5525251241247524 0.2515089226521603 -0.071428058877955 -0.059781426834986995 0.774306341273393 0.0470981846036258 0.6795675964004084 
-0.0011309078786616578 0.24948984553984155 -0.9197156331417413 -0.933932900516868 -0.512267410861664 0.15779774393657386 0.4755926324071542 -0.1959359043415958 0.27455248953558353 0.005498211486813842 -0.312520268035017 -0.8520034413601818 -0.6819342829334543 0.6935968482429653 0.2873030017732743 0.6736460445265222 -0.5114092944503148 -0.5852049537219994 -0.34913195186190604 0.456120715604589 0.6348600758626763 0.2826985705595009 0.5172148693781211 0.2905769091819683 0.47375546747699016 0.5272782073923554 -0.30646638406964977 0.11391387609031178 0.745981309083698 0.786245407089158 0.0594282845118177 0.054419868661185866 -0.22948598712066448 0.41621354210252104 0.39255811237705585 -0.9235796608740683 -0.9493538291943775 -0.5271989250678044 0.451716997160178 -0.6560581833851697 0.6741669689239458 -0.287812274755201 -0.2632574607940774 -0.05474214084571627 0.6835392790901469 0.6342746345322254 -0.2284467259352818 0.6754128870390783 -0.8883735446382715 0.6704806526335625 0.03917679587949241 0.6672471306064138 
0.4452369352701464 -0.8157298904780554 0.399109111492014 -0.6123119896064699 0.8978685599229692 -0.0377995424229467 0.2779816217804034 -0.4378272503209175 0.5899517477979308 -0.10299590968849537 -0.29487173319070026 -0.07477783210712596 0.8092652168499392 0.4402444913254435 0.48590529214661937 -0.26796908440572365 -0.3101691109679543 0.061813614694894436 0.18863171165582981 -0.16957478508968649 -0.41417940871890324 -0.6080100572494875 0.6994091359107675 -0.8037358296475952 -0.9951441862406187 -0.8642729252713743 0.22924841523045947 -0.5085937201618185 0.23992004902031816 -0.061293093271892474 -0.8081152957538689 0.4177199370321665 -0.2999239312890134 -0.14909392460922555 -0.9763859052090258 -0.4122003653910089 -0.8812640269395919 -0.9155647247027725 0.6185622218268385 0.26648842061627587 -0.19520157721937914 -0.6545686171977583 -0.5559119316982999 0.6780154045312676 -0.855346346058601 -0.25292334192341404 -0.6582429419065303 0.9726729702971206 -0.9245953411784367 -0.19974893747957423 0.21099948928250134 -0.8143148940338254 
-0.537308614381659 0.0774129623978983 -0.4722266730144713 0.3894185189680943 0.7073064755158678 -0.8393869248575123 0.0761816374366533 -0.7657598685174261 0.09327096466732732 0.611550232227694 0.7430636442845808 0.0049191147236378185 -0.2383357300080049 -0.1917996204500776 0.10066538112397083 0.32130548748676446 0.3607496741105767 0.7114406882230178 0.8151753416405958 0.935464025888157 0.8796578146115357 -0.781198372232323 -0.8829617896860105 -0.44679829799155635 0.9390117073024009 -0.9033178137884865 0.12790225544557687 0.07084210325970064 -0.23398490766871793 0.8062581673870026 0.1486198417646587 -0.4958935991636684 0.19591473054434783 9.328707609945752e-05 -0.8944026888191796 0.17595036761201932 -0.09227240541363124 0.5444461255607662 0.893882738833526 0.6897873680163524 -0.09597129699876827 0.8222341434315776 0.27853024481157607 0.055522436869737124 0.5348996445987466 0.13754088468962822 0.0042412566593246215 0.582034950568606 -0.567037188764894 0.13682137975171993 -0.2861613114904551 -0.35999984938766305 
-0.02609888430059004 -0.8519047780564761 0.6948294219704112 0.26179830984158325 0.007588022332352784 -0.9917974843105284 0.660758891767244 -0.21297084459031046 -0.03785738232215774 0.8510128178326062 0.5242900292235175 -1.9288717131304978e-05 -0.5329955074506059 0.52091196388549 -0.7755617523039209 0.9765378755489607 -0.35977956571210856 -0.7913007440607804 0.8046280018241792 0.6175093124767388 -0.30748913919473586 -0.9770238486843394 -0.22825938750094465 0.26757361429314797 0.5217477000669231 -0.1601542317103537 -0.15553364834051098 0.7055406802788626 0.19722083514470978 -0.03529798461828304 0.12210777424939434 0.5121910674418995 -0.5579577543576355 -0.7632563648528585 -0.9333078187757633 -0.5876756078695842 0.8410480564593878 0.39050063715621275 -0.2464824346191643 -0.6310317527558609 0.549024598825137 0.5527275846061217 0.760378165780542 -0.36304990730045406 -0.1826988063370134 0.3622111634167031 -0.4270330966957361 -0.3879959907224577 -0.3444506267891896 0.19062726938654806 0.787775286102754 0.9207593259557649 
0.7085362129856749 0.4813318739515189 0.7467550513467132 -0.018534102645621386 -0.6806718362148205 0.4490990436683069 -0.3312647105098643 0.1281700575395195 0.6643815151235508 -0.6108752381458353 -0.5881706336134316 -0.4563022919769524 0.6593922122220905 0.6160132130062805 -0.8975117451710151 -0.9008013879070595 0.30426027781271836 0.38446379248054563 -0.9256306020987388 -0.18494346313716759 -0.10396808923286938 0.9356097981639189 -0.5901313484461572 0.47091266100583096 -0.8006021349351651 -0.34522252956910116 0.10884927628926566 0.889871169299119 -0.7912384234683734 -0.9245322176124022 0.7365225818932151 -0.4431217287546394 -0.3458067158511502 0.5424170485932516 -0.781294435063036 -0.9390611589247662 0.448012993165251 -0.6316153528172823 0.39177151428058377 0.8184308882074751 -0.3962719292488557 0.2660746043875293 -0.047567859193357265 -0.615894666342226 -0.2580961904858956 0.10925547023595383 0.6524225358128692 -0.6447011560623537 -0.8415533803454831 0.8367559084607294 -0.3650721128964156 0.49088167695990115 
-0.7067840012061766 -0.4038777393272206 -0.8836614014072097 0.08386609865210648 0.48607018550362335 0.6626330220315173 -0.9408394822490205 0.16722758475876498 0.9713256198630857 0.866619855529063 0.3635846810956833 -0.9526743913248081 -0.29623553670030356 0.04936299770932262 0.41025551332628996 -0.11908218506575441 0.5321178588523996 0.8187399896960994 0.2566596339342835 0.516560738221808 0.40802453362000346 0.5298803536427554 -0.1003500100433885 -0.892959541175991 -0.6475635945136553 0.5480351792225078 -0.31276173338596336 -0.30526575822013213 0.5578795583983569 -0.5782642886267153 0.9565232821634801 0.05278092620385033 0.03942529904175762 0.8161972436174414 0.08353720063378 0.2944259720253677 -0.4544969361251978 0.43333257972676087 -0.11475200488872983 0.17176246238115822 -0.7578180642647128 0.04244378284775796 -0.5684274522419321 0.575954082617806 0.7128614676396787 -0.8448270159798745 -0.9707155927965583 0.28749681401456906 0.8352827224590145 0.1713754469800266 0.5790030960180321 -0.7086823285424981 
0.7926669868424157 -0.3553485309835658 -0.29883126952911465 -0.4709734898760993 -0.43118041329251966 0.3268268256100113 -0.01071374261048108 -0.7818833662861926 0.17275859800260251 0.23231921291334845 0.018972254091751184 -0.08698921626509448 0.7325927596094659 -0.2966175021740325 -0.043772581529875954 0.48662007646772976 -0.23626674666821468 -0.9630529453526273 -0.10990499219415617 -0.20315640221523745 0.16327702939489797 -0.1878494964803874 -0.517782748120533 -0.0015109979733274326 0.3287015815945542 -0.838442964593143 -0.48238535049176523 -0.9788023089792062 0.2632704775088237 -0.8231767896823496 -0.24560456026276056 0.32983922745133687 0.7006543716803255 0.6877522387443509 0.5893518956118917 0.0932394392031306 0.2738347631201776 0.9774686644489938 0.1718370086639076 0.7651556828210424 -0.9240910502757969 0.09789559502809242 0.338333698655892 -0.4990164748598218 -0.9621609621125593 0.16357319570051887 -0.14578897929954215 -0.8142068413187511 -0.3826469973740805 -0.4240587727214651 -0.07521818219970577 0.11174055561074048 
0.45797899727460223 -0.405601257974868 0.6212452552710934 -0.8496859386735462 -0.09375531021051642 -0.6911113624276899 0.7416800657911209 0.04911314879424711 0.6211368372390464 0.12392614518850387 -0.7686985113584965 -0.6753425803061861 0.7663713560145617 0.9907498501035537 0.3381026322469851 -0.8610912261439361 -0.7934448877053777 -0.9458501177687997 0.6650035646633474 -0.5295955737490903 -0.42192503855358177 0.13448082050589094 0.794077499551681 -0.17164383467901612 -0.2026103137999833 0.6631857209678043 0.3660164535899919 -0.8380997556055825 0.3049602367763593 -0.3909056599292604 0.37532429933511047 -0.12423812762292075 -0.059204755763763606 -0.7962949937891552 0.5320827339015524 0.5801041746817484 0.6123514401293557 -0.4193306232792522 0.7704156754424587 -0.20249936792474688 0.6397746317583632 0.9780342164562605 0.09255062380522427 0.43335739581272303 0.2016432227162095 0.751979985747949 0.25554852664134176 -0.06661134476953579 -0.17654460272558614 0.9631875488582955 0.4645959596229119 0.7292583398654342 
0.3288456604642416 0.7746607298860861 0.5594319638269145 -0.18400968717579036 -0.31033255799192605 0.9500776467700205 0.9417476251412273 0.24731049551326167 0.8838815412776764 0.35680355891630966 0.3648051020683556 -0.3579730307958868 -0.11213896578166538 -0.35014198703993404 -0.8488299693544179 -0.09294283614493914 -0.1702708136725919 0.421589021050238 0.20529519580924038 -0.6210914279235626 0.26023573719189463 0.04921744078319579 0.05518753482641081 -0.21566927548949777 0.5552821706401283 -0.47317318201467273 0.756446186198177 -0.3226252204926723 0.7450079813671491 0.8841918874416164 -0.703463165530156 0.020717736195319025 0.7439859900753107 -0.20449689051943798 -0.6826287961120161 0.00309331160033266 0.7750847040110087 0.4439232159370088 0.8719340415707886 0.885433919290169 0.6577647958265516 0.8982519226523937 0.17866161441115014 0.9248026272198473 0.07950540569299269 0.032949943804061244 0.6700308786767006 -0.21550143305044656 -0.3196766175629253 -0.6505277236270044 -0.9265427818895653 0.9190697489414739 
-0.5700287592814133 -0.1220770395144617 -0.8278066801216499 0.0001339335703223199 0.271738286674468 0.09383029247633234 0.5316483515050427 0.6261691445898494 -0.10804293280168786 0.19023429743525 0.8119844267958811 0.9879192595132829 -0.5184877417002753 -0.32774215250054195 -0.05624406431435802 -0.8483603162037434 0.17780643081758307 -0.40467459786285764 -0.6699640876098456 -0.3282003046376707 0.7984448292040096 -0.2590461910560311 0.5721737238250151 -0.8255146788684495 0.6524634308493193 0.09363691450195955 -0.13360999018822994 -0.22914785417386985 0.7735917715562699 0.47442774814354527 -0.3620145707591518 0.343214153388236 -0.4043111994389137 -0.17526540732147078 0.7006768478444776 0.17312090265569524 -0.8735985889502624 0.7367633357891687 0.6207802215478953 0.44785085490780063 0.9270950832622395 -0.99523303903609 0.5501525821669231 0.15943881172996166 -0.5299566837710543 -0.5743812398093731 -0.12357144147239074 -0.35713401697775926 0.21202658144145925 -0.39803597618069664 0.05134697169738511 0.05287050477336952 
0.5534615641015954 0.6892036102845776 0.6880405162777319 0.8597898999021307 0.9228341430953166 -0.9045964303840959 -0.32742932831240723 -0.7344463218824828 0.744939566869026 -0.6798683369711687 -0.4517759337384619 0.23143983909711485 0.4485128739334623 0.028977552833538534 0.05301508048116643 0.7508032470274295 0.7375189554261148 -0.697369876046187 -0.597484087436895 0.8225852701437582 0.8213237047237023 0.6441057929602807 -0.67409924522459 0.3477804576458976 0.9647924203220579 0.4046011413489974 -0.3079509174703743 -0.5315017077895994 0.07920525708000192 0.8423780178196179 0.796168101418482 0.13259833000257282 0.5314003517432297 -0.9074443828474945 -0.5674890016039327 0.6836666561861426 0.07955751549523682 0.8017434119079208 -0.9902534218161494 0.3583883740918239 0.39114900272510944 -0.5642823140711095 0.09377360377934885 -0.3226442844771915 0.3705977221865622 -0.8039362953360341 -0.795961123680893 0.050229167240810835 0.5230386008400236 0.6979175159423394 0.8436820237905658 0.2051181434564484 
-0.7162402616818888 0.7975961680566841 -0.8192449156051838 0.08875776528179546 -0.6523488116283143 0.3745980019937585 0.8543103852478691 0.4956711281970039 0.29553490124220794 -0.9167945557407353 -0.5613652640960485 0.8284990347383192 0.7087175204698724 0.08207015209369573 -0.5660992672909007 0.3288650375394191 0.38559673359659996 0.8677275006682372 -0.07901397874814076 -0.9730255960303664 0.6277558348293422 0.4500510399362396 0.5439866103224691 -0.909166191831206 0.26480798394764604 0.9474378491021773 0.9743068488329423 -0.24226694631419288 0.3867730735547379 -0.6805067747895579 0.8965964802295678 0.4172844461736207 0.968758908787501 0.23434068595079838 0.457049499237836 -0.28334453530094916 -0.2304798462207589 0.6091911852445495 0.3958126913052835 0.661433473044903 -0.49240260181901263 0.8031088319126005 -0.9883865302744623 0.5239868545620867 0.19514820038243386 0.6986601073557328 -0.6177604201342763 -0.5200950930967965 -0.7955386251782748 -0.3945889830371454 -0.021342169747834427 -0.7560629521677185 
0.3772023801570161 0.9314402782570055 -0.4622778559853802 -0.5373951630487055 0.19785493675972443 0.004292068715254116 -0.3019216448919211 -0.6269493014953327 -0.8290694094845039 0.2868238557277425 0.011427672494382701 0.18700367306147525 -0.5352137527523639 0.29311616559323106 0.08516621810077996 0.1406336296560884 -0.9092003665230999 0.10109128514903198 0.6186392480449556 -0.6728753893145107 0.9294017550389571 -0.13082085259239484 0.5077237960270029 0.7389122951939298 0.21865939340641338 0.0024821647069717123 0.1104732480569679 -0.2678548257388451 -0.5994358443965748 -0.930973756092333 0.452852892247944 0.11915003345991337 0.4524665455363943 0.13870029132692419 0.621141370433899 0.2390220998451229 -0.3059316165138013 -0.9323956737507049 0.5115493659297621 -0.007916666149743623 -0.09163310149035464 -0.13519090853189386 0.47300229109962566 0.13464206819090907 -0.8542423558059788 -0.11407238248451423 0.26908729937888 0.9201681830666804 -0.23911974233583155 -0.39143887537333977 0.8736494569652078 0.28904884698098376 
-0.04062418765652098 -0.4979375929417753 -0.39746573505570626 -0.06858270926375232 0.04880989407047065 0.5865179547832953 -0.4572332568258983 0.666002233077337 0.6697946864244748 -0.8797753984987873 0.02514867470793125 0.9864160148423975 -0.4663484208959521 -0.13536923580415028 0.7250456976018136 0.8094929972852998 0.7838633670311055 0.8758988779349055 0.34109119148109457 0.6346706329691465 -0.2950037126273546 0.10632435987604372 0.41544376615395295 0.38710718380927944 0.997967220692932 -0.5676009068233785 0.6858694191430899 -0.3418702205314963 -0.9266433966969809 0.709616244114168 0.7970963764356718 0.22752942546016297 

LAYER_ACTIVATION sigmoid
SIZE 4
INPUT_COUNT 32
WEIGHTS_MULTIPLIER 1.00
-0.44672101031557876 0.11356785243963263 -0.7294387841041345 -0.2677367223928784 0.1664370659435841 -0.24387032708458034 -0.33685696006000976 0.9014618444656928 -0.7190378555774932 0.4965543329770601 -0.1414380427893729 -0.7213869726512485 -0.4900222552854756 0.42302786720407437 -0.9274093432130384 -0.46851971884726473 -0.21007295688017447 -0.2941032434118058 -0.4838511699117578 0.2397426905485711 0.4124600845009465 -0.3481386567284357 -0.7036219653628892 -0.8580657363364126 -0.11251794655542846 0.42694618305792575 0.15460366416879778 -0.545268312144013 0.37175362933626044 -0.1921406370598342 -0.855367120174672 0.005506460604078667 
-0.7766422173317842 0.12903111222763664 -0.8322804363178571 -0.36222665924564645 0.99362982537939 -0.8060980173609675 0.014248868923939728 0.3290906610279145 0.8832742484026352 0.7911832863459514 0.03393126138730551 0.378983110757261 0.7380606675138699 0.29429924483764824 -0.8226177910679604 -0.2506289574742817 -0.9293331462785859 -0.2764882320248008 0.999755079387026 0.08922970512090633 -0.37447723184567416 -0.9618982428373217 -0.6688427646111021 -0.19220025437210508 -0.7889831683029613 0.942638551214912 0.9581241495336974 -0.3782395896963022 -0.703056170767471 -0.029079266014393923 0.5781799822615243 -0.5858219503103876 
0.47750355704193037 0.729480434779028 0.25031933500755144 -0.04698142758995605 0.5973305361247452 0.3010349448794598 -0.03519427085988225 -0.5516764303917152 0.5361670311568949 -0.7200157305020287 -0.1848191632380698 0.9050856595017331 0.620422308959754 0.6451853196668009 -0.06038353155412968 0.08842974444784746 -0.022171911980552794 0.2967896554750604 -0.6200617648397753 0.8020109895476399 -0.1690190168432808 0.2085132743893381 0.4437916726258371 0.22677083950257693 0.8316855750153951 -0.9406131350795408 -0.4720836095958483 -0.19052910493509478 0.023004213018935182 0.36254997044448833 -0.7259387876079155 0.8608567390293818 
0.5086530152172004 -0.3124050929809752 -0.606024202235742 -0.13857740852171552 -0.26802322640966003 0.5744095546098462 0.33342313290631975 -0.0270439249678327 0.837148300484134 0.434813204302815 0.5706695167763725 -0.4308165538023341 -0.04087974456556798 -0.40029792274969944 0.838815917149067 -0.11055226685724584 0.029661866382452384 0.9019809089831894 0.9265124376999248 0.8073326072468894 -0.07141600023005457 -0.9751810351290537 0.7792775296243823 0.30682585058287426 -0.9293156160301999 -0.1335020202952668 -0.8962133856594183 0.18772257937352066 0.3863050672035906 -0.19365494960838747 -0.549562980340327 0.3356243234056575 
0.9007484388624545 -0.37282830046542115 0.6703352915961087 0.8695613590795082 
