LAYER_ACTIVATION input_layer
SIZE 52
INPUT_COUNT 0
WEIGHTS_MULTIPLIER 1.00

LAYER_ACTIVATION relu
SIZE 32
INPUT_COUNT 52
WEIGHTS_MULTIPLIER 1.00
-0.4623848187531232 -0.4346412799821291 0.6736462095824154 -0.8337577159694396 -0.11133839156512493 -0.17600085292309098 -0.4810380765027753 -0.698057410056768 -0.254500361620295 -0.816019315503937 0.9716758199481088 -0.5576049899930919 0.9839585006645248 0.5273897002768773 -0.7112205345986962 -0.8221501005723633 0.8966674768696639 0.023544414636894384 -0.3702345517003869 -0.916454639089759 0.49522807165645744 0.9138916463676185 -0.08676111612415438 0.8424430891989265 0.3919158533367184 -0.10884838089934612 0.9442184414063097 0.005760454162328399 -0.5406499054213123 -0.165068519890059 0.6752195801810996 -0.27261397638583995 -0.47852812151559676 0.6627516337158272 -0.03837105149012432 0.6300771538694467 0.8049597600834377 0.0680994014767784 0.9545868085486213 -0.8204343114159047 -0.1684095851686851 -0.7672892222438252 0.6867758922701717 -0.6456467884108885 0.28166047821334517 -0.2604229556539921 -0.8127004628909398 0.14115545606507274 -0.9026980231027029 -0.39062086580423716 -0.6446228416895827 0.23004475220635578 
-0.6804222028109264 0.8158610619572806 0.2743136495458156 0.35736309839738367 -0.5506643089938983 0.06779477985399773 0.9027053912358334 0.6180214522139651 -0.6844561464601118 -0.13843125548763036 -0.8060368042019703 0.045446071561739965 -0.45920430079608354 -0.4003051799167794 -0.27019474934385923 0.7513621326968256 0.3168160694106599 -0.9981743278785682 0.5075913965536398 0.7160363587324796 0.2001223152479128 0.0509123537546039 0.004184285969823787 0.28953614123576155 -0.2644328259569435 0.8447046335211763 -0.18298857932400248 -0.4038546542511443 -0.09451875425738199 0.6690460276815036 -0.7021881178651528 -0.058520270916263106 0.26742679651287604 -0.8744431558578583 0.7351650701993659 0.29120280130208975 0.035874467985499425 0.1458837126155148 0.3303324708043811 0.8919777338458843 0.5765409007973434 -0.01149016734043018 -0.06329899276197692 0.26539102622609057 0.9710385281278289 0.5113418125708278 0.508449370997095 -0.024987112074897455 -0.11271565935769567 -0.9728815362758514 0.32778735245270374 -0.5899354587242072 
0.9748786549643642 0.15195786701421166 0.4472180527148051 -0.5323168585294382 0.9109990866912581 0.6725090174898722 -0.9574530037311557 -0.9976576474693157 -0.2596281644173557 0.1840122664564965 -0.644938079903751 0.6776452687800336 -0.5315654324221104 0.22971657853407224 0.6634888512801429 -0.08228130064191852 0.22449725502268914 0.2485072703307929 0.702067434375722 0.44219447180724214 0.2790235921908537 0.630610818723724 0.42723997655595025 -0.6626692094610609 -0.15430174270812702 0.43064754667140237 0.03105628231216162 -0.49201471371097205 -0.5541391320520186 0.7023368469450861 -0.6866986880793933 0.3027007664895176 -0.6530391052258531 0.17560494811650118 0.5671673780513562 0.7009245795227588 -0.7536432781312103 0.8229905711925298 -0.3939134320541895 -0.3644248481301964 -0.48897263957322146 0.852813513334389 -0.817532935271031 -0.12522631208484314 -0.8683269718570501 0.11067117696046891 0.8178775742807682 -0.5858881069718187 0.3683949344803872 0.7601160232730024 0.04916017000543338 -0.6596726798890307 
0.04338557200554405 -0.6900361535409163 0.7626738838014113 -0.19043738523776454 -0.9965258570300495 0.131112575871009 -0.4989095857359489 -0.697406350432408 0.09353967794525397 -0.6030957630998557 -0.8476563042195975 -0.044720229841570314 -0.5973910586889366 -0.17245185172775845 0.7353757919369805 0.9259314641394085 0.15973996722365413 -0.9949098435711554 0.320713434923231 0.822731818218924 0.5119264309848581 0.39230328273306125 -0.8839512509891345 0.09445587260822808 -0.20876861450946604 -0.8956080489648695 0.42097962644754183 0.8773813791484497 -0.7492606376590758 0.7984787453439475 0.6527655592034927 0.6068130239962095 -0.05644375336811591 -0.02096655057344954 -0.021022669270769567 -0.9122217342657937 0.16227103062819714 0.944425607703308 -0.5210431991103341 -0.3161636654067257 -0.13876929330266607 0.7413695233273798 -0.7086720835239926 -0.6085856414456117 -0.8907187370736322 0.7188792660028303 -0.2137308915942171 0.6642238205702042 0.6903945045374145 -0.5862357964511671 0.030342188804707293 -0.170269741248952 
-0.6933363344098538 -0.1360828137496799 -0.5136707304022521 0.2036491671060603 -0.8280990007631599 -0.42170779241062806 -0.60939224861821 0.4417777872933344 0.4993556889816919 -0.518227797050888 -0.7824955746423767 -0.7638409534519888 -0.22779690394274854 -0.3663395742807791 0.20189757726330804 -0.25360650376416993 0.002874903545977192 0.6307139940629656 -0.20636807690037728 -0.8284922850954068 0.6081998111046467 -0.8026330555446801 0.7614665796568931 -0.6086994226216544 -0.01471722520712393 -0.4235095894879528 0.3316198603522984 0.34691898267722876 -0.5007805777436656 0.16881477766068054 -0.28345157899136697 0.1854217933504776 -0.15949376354394662 0.9419755912246592 -0.1347682699398849 0.7996900501431905 0.903532181587007 -0.08100601197564838 -0.4235805988800523 -0.47087959014586867 -0.7442719740378148 0.6666296411789954 -0.9321049272370383 -0.3512649980419702 0.08707822050910519 0.6144049242756715 -0.09028536206517757 -0.27665117541129947 -0.11604942591201017 0.7172841370032854 0.3706316887571264 -0.8402727912689614 
0.7407296608737901 -0.6009556528282516 -0.9147508966995159 0.13493212987156866 -0.48260536504226126 0.36217989100674375 -0.2676258071093405 -0.6672191844533046 0.42644514774550535 0.7863587400658252 -0.8421247916986148 0.6913894222686632 0.021225353234423316 -0.9407642992977057 0.7997753785816764 -0.6221461576387448 -0.4065225274172255 -0.4881907467633695 -0.76082702383648 0.229840477264867 0.5741231582721942 0.6490004347157989 0.09839771760139393 0.8481180655125518 0.8746268556221042 0.7144178298477892 -0.07129254201218105 0.2760236872670212 0.045570917600833205 0.19900624640659248 -0.018426987189742894 -0.4269836273313774 0.926695508395085 0.9649341709894741 -0.14237314360695996 0.9878753178114668 0.758349507116868 0.647993804526579 -0.47877479198841355 -0.3196763662867941 -0.06020354857992083 0.01059444159102041 0.2974982248887139 -0.589660178034924 -0.8739053112568456 0.30902072821647986 -0.6263276078527478 -0.06601752022107088 0.8417574552141249 0.21141071700523106 -0.32827461271842884 -0.4920340788163273 
-0.1785943450177414 -0.7141202186630424 -0.8387484134440968 0.9445608747616951 -0.2690508717097517 0.5612222056432545 0.376003493744163 -0.7061041601259266 0.9749734942265333 -0.537755057554514 -0.12938745887675962 0.34871207180931396 0.12284884208098035 0.8369507670359675 0.9474849132378689 0.15132048130220466 0.3340675652950913 0.7780525728820498 0.904208072572195 -0.1726842957788728 -0.08015358298507258 -0.10231078336637567 0.7470278173050395 0.5172431880034745 -0.37344956904178006 0.49633443194503757 0.7346797442061175 0.7094525383719785 0.5550543333264482 0.006251066874713773 0.2582560409897159 0.3029382409804475 0.5440191119083742 0.08228652470151143 0.9594088871723458 -0.3940342926718401 0.7149580624479963 0.43652371266250234 0.5893932770191257 0.897538999960042 -0.43784744942459675 0.7416942588321371 0.9269701214453319 -0.4532613734656017 0.4159707559792698 -0.2048568940759341 -0.7333761227954889 0.09334660630525815 0.8639775520394899 -0.6265116861677738 0.2516192527647989 -0.3175307075434983 
-0.1437033184747225 -0.5927344640594066 -0.6697962765041248 0.8464091481990406 0.7831965246826962 0.7199627528372934 0.006388393500323941 -0.022573202868753084 0.4816422661988937 -0.1766078823841153 0.14704974522340541 -0.9514579165837864 0.17253956714205887 0.9523161118328105 -0.4704433577732272 0.4638851244846829 0.6686326399139446 0.6114274950542087 -0.6163557105661155 0.6449967916392194 -0.060194127963397515 -0.27521164660491304 -0.00679763664516897 0.11807536819152475 0.6029361896827816 0.4302345875986586 0.7417849187085845 0.4413540831396865 0.014633869349502726 0.9555793847055933 -0.9853693766637148 -0.6204609415548867 0.11690930299535118 0.012213504758841864 0.5702743445025413 0.22499518224479176 0.06836498211212128 0.2922246278406526 0.5765850184291221 0.6105438876808094 -0.056532648222139104 -0.26503721340701736 0.6353258935667869 -0.5543805493097762 -0.10636163908850738 -0.45727294149539577 -0.2705297425910205 0.4097348013559936 0.2866560237531788 0.016814271482781473 0.8330380342904582 0.41356814032108247 
0.8756839140345583 -0.10371606379070286 0.28385139070281484 -0.6993040477566077 -0.26540797020690854 0.5404769150841513 -0.21757207791422872 0.15334685990865515 0.1362163936515881 0.47511376855693044 0.6956408607732456 0.7774541755740088 0.5979776784755573 -0.03919796756700378 -0.5785411723019425 -0.5600340353166591 0.6887110865400927 0.7412619390651669 0.6624964734230918 0.9376523628253617 -0.8378317429752926 -0.4822028191016434 -0.4218986231157198 -0.12209638058289118 -0.5133652716485957 -0.010253783589295962 0.1662030135882271 -0.4186108738175416 -0.7508938405208014 -0.16351090071356267 0.505490098394938 -0.5798320485888928 -0.16156426084520636 -0.8906571378831245 0.7954052918025056 0.002500900298975539 0.305565682953036 0.8963893441081072 -0.8326087732276795 -0.6497504328959918 -0.5606637278609294 0.5258071854184636 -0.6199490985913545 -0.03649185257264298 -0.15308077298897937 -0.10645053669749793 -0.6859255252749408 -0.5725867636891719 0.865983182783195 0.8279972024370259 -0.24890669723182968 -0.5791130779576774 
0.8028490479007313 0.28264142204143705 -0.995235021371194 0.37692825081651904 0.10424039970096044 -0.32179859807537214 0.9751805267131153 -0.6270232212691234 -0.554346291745816 -0.7623480553823874 0.1167973039713408 0.8752299822545708 0.1457191350189566 0.6041872576927692 0.4720573732726059 -0.1355939268045281 -0.5365991173471676 0.5983457518267952 0.09686805294694079 0.9558359107875039 -0.293778870462613 -0.33717078670677614 -0.19654641580659016 -0.2878901765054762 0.8041507931024041 0.7400987430155832 -0.9967672620272048 0.5299701704401878 -0.04285848977005857 0.27206382453860867 0.42928536285050534 0.8608544582567248 0.3172537450183217 0.20536424822960986 -0.05872951155535433 0.547018189219189 -0.980532772885701 0.42626280906913405 0.8712651454943445 0.5301274738577488 0.3432815157042557 -0.6734243886373943 0.5077363039252802 -0.24379730973803282 0.10641363622913458 0.41864704966911637 0.671648134319504 0.012986766827070229 -0.7254214825137117 0.022240448495407295 0.6465853897760812 0.2151461255052849 
-0.4103188773194879 0.2541513574797367 -0.8289537127409223 0.13047863988861064 0.303328595456243 0.5834108840365528 -0.7885274855772999 0.07648609395363004 -0.31521430274343243 0.6314126917218956 0.6194416457418486 0.761636194504137 0.4408683284387116 -0.24581363244773757 -0.13858978190876647 0.8582964574792922 -0.6479700361744603 -0.6219197330852353 0.777209550821957 0.5969083930150005 -0.13430755341951484 -0.7992871002327442 -0.13913659984598215 0.1920215982880189 0.9176640862981169 0.8021779628479775 0.25860271281377334 0.6401733453755878 0.93866685710063 0.6219345475225666 0.5883162409409528 0.3781594979110072 0.6954926803910351 0.37273076778525294 0.9629098677061267 -0.9139511198078911 -0.2876598002844055 0.7456268203072196 -0.9480983588122702 0.6059154374836326 -0.6705265008339767 0.8927578647964469 -0.5362824686584353 -0.41259141275680333 0.05812144361514626 0.7972894715899279 -0.4470953374112485 0.8406277824278725 -0.7175986912910455 0.1487928783988437 -0.8138816728754199 0.5211220520574544 
0.09715817565965001 0.8957618937824956 0.18094622474821453 0.4813229384627651 -0.5385406306690383 -0.46170694830225023 0.6328615037418313 0.8605549656497749 -0.7838624908570717 0.5631852489340643 0.5059626380882623 0.16495770968494172 -0.027420139797774246 0.09979934113187561 0.729948708402185 0.7445724692214997 -0.28134855625552735 -0.7408841664470769 0.6695490224166851 -0.9704158584277407 -0.11953501950731171 -0.03503997650781043 -0.2218780048524891 0.4009934779129558 -0.4032175893826999 -0.514139473293115 -0.37701759109019783 0.5676143691196283 0.7788752287122005 -0.04787441014837612 0.08535035145372816 -0.16771300739019157 0.595143325833069 -0.3037622404666245 0.0712383005645223 -0.9872112452137018 -0.4121190313727343 0.7583420629314757 0.19498038612202118 0.5512561680615617 -0.5694781424580728 0.48347381938321066 -0.15258668781423856 -0.2333165144558489 -0.1857127250721844 0.5140307027019806 0.6174811443438435 0.9689040272353409 0.50410796495144 -0.7181373953299337 -0.27666660561763634 0.7687080565843867 
-0.20662836654986982 0.22836632804733337 0.8002840483192599 0.10353554153211197 -0.3520401645363367 0.01292589436035474 0.3296611939443066 -0.3852881677267255 0.029844786983835858 0.9735393875957237 0.5523341155034158 0.018318571096041625 0.7859076258631779 0.5361777386453777 0.9206936377277533 -0.8853928856247393 0.9345806702283497 -0.18890791572670773 -0.3710006760618736 -0.7466753913361095 0.6733253204444929 0.7451156515055186 0.7785037372517123 -0.5011712373608557 -0.023142704553281268 -0.045590738707540046 0.6945358285585681 -0.9645069814099831 0.3045131667314487 0.06450606706370876 -0.6052845482170104 -0.023398014130112887 -0.48660345268871974 -0.9182919414550939 -0.49947770602447905 0.015032924167315498 0.6541425688073581 0.2494975055842672 0.24555193445513024 0.7906448850682823 -0.8531143658245279 0.4094854571569504 -0.9998124830642787 -0.8949959492587918 0.4604682735632095 0.6534169325454995 -0.6897381423569033 0.06028197677661229 -0.18371978712855142 -0.7202627381514524 -0.06078856538271493 0.9914263417605522 
-0.5698329659626882 0.7655251983349562 -0.5033483720017786 0.8844799267944516 -0.4496512370859753 -0.274096129307833 0.6562525067133582 0.679374280824715 -0.7769703759109998 0.10313468966314376 -0.7931772573148987 0.36190161775315954 -0.27521834487958774 -0.885078424591361 -0.23780739557043384 0.8416760466242081 -0.4247843586113811 -0.4511406706871479 0.9643351293121138 0.6902896376849916 -0.19310668924285523 -0.33636640452028743 -0.6051574236369304 0.9095283457690257 0.20452028920051424 -0.573245722820837 -0.519884128249805 0.3640308642812924 -0.7277313103030774 0.42083935615149004 0.34921292423057504 0.2319332552274327 0.4237941610396678 -0.697372854960165 0.46774056543037745 0.15561423462927793 -0.35113631913218457 0.4595792879898817 0.4363030891820694 0.6737835412679001 -0.5928449747415345 -0.8722046511410277 -0.5186476657130756 -0.8840470834024623 0.0332097555780293 -0.4152053438587582 0.5188842801486553 -0.39093134843289556 0.3736206951904295 0.5942210328651902 0.4342934834760479 -0.9194571364727908 
-0.7394366870307738 0.3251585429997135 -0.6821434266699038 -0.5690366143181302 0.7617786340611934 0.1675886786570342 0.7822196779694481 -0.5567474807946158 -0.9687800685973367 -0.5890624982740571 -0.7340801889653747 -0.7258995032316218 0.8866492529110099 -0.1578615530048959 0.5341790657035108 -0.0771424642686045 0.45807114295725726 0.24002433623210306 0.40754178540950825 -0.5014674085953177 -0.33496015137695334 -0.8923066775139072 -0.9628213900897942 0.08354216864489272 0.8170443261068303 0.6293136212603476 -0.5173411920615849 -0.632662244111259 -0.9427925448477759 -0.577705920685166 0.5701797866045935 -0.0255061708633455 -0.3759868579346515 -0.8638910323623645 -0.7584387563471515 -0.6002955737960587 -0.037538157807694095 -0.49241106934844714 0.4624713082602663 0.8155942467546229 0.549436854123027 -0.0817147736918078 -0.4032138144867774 0.662991748368704 0.8488356664237906 0.07482016912938527 -0.13724346944821564 -0.3522123944375004 -0.8682484131355144 -0.2347060111428687 0.0957547274003896 0.5320162283935315 
0.8324679323437689 0.8651189335844331 -0.7007119864594882 0.9694448059231673 -0.7530854853375955 -0.06531498997549523 0.9161195207545529 -0.7207059958749387 0.4632188108632045 0.11594742514108436 -0.030212137160142705 0.7409286284232781 0.5075647012780173 -0.3636822969284066 0.7842676451846764 0.5579946845141934 -0.7119570725192521 -0.5824418260356563 0.7175124162305206 0.18791477621624497 0.7654609923022495 -0.3269274917967322 0.9477170671813024 0.02592254495732904 -0.08443430393323292 -0.07383102451509349 0.007169408699609248 0.12178048761037608 0.1588505653568213 -0.046936217031063654 0.6297643586503678 0.15683984151651753 0.23519329852302784 0.6572329799637089 -0.9825966210857078 0.2694889010700472 0.6463890757722113 0.3425840198591579 -0.48105615619623987 0.31186073449988694 -0.10266865397159486 -0.6188568648585442 0.7320317224319883 -0.8519135609723809 -0.7068542231269017 -0.7241095676026157 -0.5496391302542023 -0.30322473769496194 0.23029428440857558 -0.2984167219045042 -0.18672029109106325 0.6207065115623089 
0.8884910542885573 -0.8719419748631898 0.5353609771086307 -0.6536560503757507 0.7351670502989742 -0.791740458617572 0.6192580155632412 0.5055407449796376 0.9979556049860914 -0.5860633979796339 -0.9780826203566042 -0.32053525492947665 -0.8588925158089251 0.014624596895636222 -0.7421044340584406 0.19582540442388785 0.43852929702043775 -0.5529239287525143 0.330795066364435 -0.6772786712089314 -0.9797926326219988 -0.5087144215188357 0.8297066541325258 0.5697593775459384 0.6388348026952368 0.9505584489756573 -0.22266120039052972 0.5631270720324122 -0.9714001499751397 0.1885541957169461 0.6306196744238495 -0.4328677041228537 -0.6554847346426451 0.6769240914136601 -0.13963286884028703 -0.6422588488703254 -0.5807039672421352 -0.8118505516292078 -0.1780018710478013 -0.9433445245210925 -0.3158291554971675 -0.2670865884206419 0.8802806575645294 -0.8103801938985717 -0.9208709988979977 -0.4790850339786705 0.7737300254397461 0.3442326295187945 0.40279317612466126 0.31907501584595255 0.586084353308572 0.020088844385921734 
-0.8835945359793529 -0.33795862401575194 0.17845154597021717 -0.23339202156378702 0.7321365361655896 -0.7266905600413376 -0.20970261100215515 -0.22812847206495035 0.5919000434807422 0.028627388198096293 -0.587775639853187 0.22387685526142231 -0.8589146994145396 -0.9329615844342241 0.07474235675762109 -0.6181619519953614 -0.26599050411501857 -0.17017920204704495 0.6400661399693459 -0.7943262016340651 0.7642987656934146 -0.04768127439861902 0.8244295631185736 -0.428116192274576 -0.056368316156252485 -0.5967394190621234 0.7439590742290692 0.7114142997790747 0.1339808314432822 0.16683259503756798 0.7405665705610973 -0.7293224000360754 0.120261725237929 -0.9561675040232172 0.7410572179488804 0.13203374792851297 -0.014890881586115956 0.35817261432579817 0.5022262914526572 -0.12112141648095931 0.35369245580888187 0.3606008307668678 0.3440121876784539 -0.7188879752673041 0.488126591165259 0.6227261138135209 0.7798664756894285 -0.9725404980202872 0.9131405107301138 -0.04118341217289001 0.7355850659776362 -0.02666823916447769 
-0.8957594056609348 -0.6310059634094529 0.44046724941295157 0.8818517820145779 0.5266171010154974 0.7056428530281273 0.16512486368682522 0.6785158125359447 -0.23274204195588788 -0.801187638092907 -0.32474493480264166 -0.183769005912499 0.28204213632842556 -0.9255790043853458 0.8670743626768587 -0.21907532307649236 -0.8207590504462794 -0.21220290608231185 0.651178245097751 0.8975955555282853 0.42842134705686674 0.4525930374832552 -0.9321108746486844 -0.2865840995486766 0.6284261400837039 -0.009641597154748993 0.3735505451709904 -0.2045486202315876 0.2876054015068459 -0.11151684700176201 -0.7580548802677192 -0.10554496769153054 -0.5828941568100829 -0.19242083758241746 -0.04017918202018955 -0.34513786727285445 -0.20304633388869608 -0.10528031357815437 -0.6301389686364782 -0.7274053407524199 -0.2015357347813005 0.4344805740319049 -0.244389288815539 -0.08810590250065675 -0.5566357494530583 -0.7728501898989009 0.11429555242081713 0.19045255875613298 0.0696346480992005 0.6832785148049887 -0.5843937691056806 -0.731590575955865 
0.6544657092919293 0.4515553970487003 -0.9956048015402454 -0.35175127844586673 -0.30069396773164914 0.9343527432223449 -0.20702106566391554 0.43390436865649784 -0.7307534614592208 -0.5269358618336097 -0.23508312918588214 0.6948720644018134 0.845912739235998 0.22231340786929965 -0.7537665527067632 -0.04824068298803863 0.629558013715553 0.24991578562172 0.6906052616420706 0.9744328320447322 0.3355715629766576 -0.904892142013054 -0.8110936871361372 0.20723793519191602 -0.7784553683510025 -0.8204612419135624 -0.44385828040578934 -0.6855059405950163 -0.8126769580465514 -0.12894369429386154 -0.307086580114865 -0.8702590992271442 -0.33635348289913813 0.04613844306014947 0.4779164316224931 0.11586657267830347 0.6137283722359885 -0.4871160881466847 0.9376916361136847 0.9121731230394323 0.35612813338929605 -0.9924631023012089 -0.05146439265942293 -0.006544557393992179 0.8242633517037783 0.14888187738609782 -0.9987679980809054 -0.3610362943265071 -0.46655872810287913 0.26499143666264047 0.3770943590917797 0.8597131668483347 
-0.9873481181330832 0.16607664779306974 0.7754916262892444 0.38344994935175336 0.851482703504117 0.6097746754264002 0.5996004821550074 0.6872970064759094 0.8885676889103582 -0.001427242774137083 -0.1883000380574611 -0.6308732853122543 0.8109495624056902 -0.5631950878554901 -0.35608551898452 -0.5944263895354591 -0.721378806944377 0.9115846207780405 0.9883801302696769 -0.12014571662002727 -0.9808635290135457 0.48105199075249483 -0.9994577764329056 -0.9769957383464001 -0.38617918110408245 -0.6323581870350858 0.8526976383449463 0.8621214348566257 -0.16539344522599508 0.7037026221786937 -0.9488397614004911 0.6009250882333794 -0.06214964347363283 0.7815827341643036 0.1345221213781418 0.6814368358041243 0.027161598708077772 -0.8019377146279898 0.344509586517167 0.8227647062359722 0.04002943470304432 0.4061947861959758 -0.31554227380322497 0.18229454564315928 0.6301570834007058 -0.38478435843586856 -0.38785699534389195 -0.3020153700656647 0.061174450222380106 0.7958994559745796 -0.8608269459983398 -0.19827538927928767 
-0.34369520818284305 -0.7356487019625664 -0.6718833361669316 0.13088080272571645 0.7970899478146514 -0.9709536803773098 0.07567577474740617 0.32358214588291623 -0.7176426880461058 -0.5815704001421169 0.5090015981210712 0.9137847591090362 -0.7635826213537971 -0.16876408737711213 -0.39925897424239065 -0.8742286361193932 -0.9344113381307195 0.8931696686099087 -0.9790728394021024 0.017309519109298455 -0.1934974621215113 0.7887795721409674 0.9390772105426 -0.6837746923049619 -0.6904860234566965 0.868669207581015 -0.8647139852456895 -0.13317224032291186 -0.49497723978370756 0.9165347071632406 0.1855184679163171 0.8489111891953824 0.39603208719738703 -0.7759644710034714 0.7215978291479654 0.30002897211165624 0.35019278742051774 0.7746553760299657 -0.7398546767396426 0.5750421762146123 -0.7657216713157187 -0.26529948123285196 -0.15703000956828306 -0.14532414130876625 0.4657328590714762 -0.4391616821131379 -0.9345608004832517 0.09708667504096335 0.1582826004487783 0.5792075725666013 -0.957804677726843 0.6774787346975157 
0.09333421637457295 -0.7325449150010639 0.6537095346022772 0.6059494095483975 -0.3232300646456745 0.2342230866407533 -0.5113656524915651 -0.5292910155882404 0.04274198333867685 0.3572994659201978 -0.0018831571852548912 0.2548356543738799 0.9295782776574155 0.3307837253659771 0.16945696113721742 -0.9529314797447281 0.2614899771840904 0.8690353251411556 -0.9540898740398185 0.5438759953043466 -0.5761390918810376 0.3651847048008794 -0.14377988535830255 0.749243690262205 -0.8962569845396504 -0.7999070157255932 -0.8360130728350077 0.8803351603433822 -0.2456809406287943 -0.65125226076279 -0.7838400991249486 0.21898961104136783 -0.23355512095124809 -0.6354196505544996 -0.11503666427507842 -0.860598936798135 0.49341050484000726 -0.22560718140177727 0.07552951524261475 -0.1448058872345217 0.25508926944985033 -0.5743922197103666 -0.49040494907692356 -0.8721390978280308 0.5264298607652655 0.2945419422638713 -0.6624474006153158 -0.46369860778883476 -0.30627391520273695 -0.36007253931761896 0.726342576516547 -0.5170879902447025 
0.6824136910557284 0.341705672367977 0.2550125666577192 0.6651486977139651 0.3648204384956968 -0.03726243133289486 0.24220035975144794 -0.3361704018699685 -0.26640586422117707 -0.35544392932436697 0.19645138234140735 0.924218883336037 -0.6220351296207984 -0.681381410401892 -0.9489675723069566 -0.9028888100061498 -0.5432009157883868 0.4350876563124242 0.6587245744503569 0.21964898929282572 -0.7815765233294882 0.5115339768184288 -0.2698313259047307 -0.6184129185197484 -0.382122718679589 0.5520721947703111 -0.032313835822164405 -0.6081801962741495 -0.20814390975236008 -0.7834398025750784 -0.8146763425358521 -0.2849401994168608 0.01636522805092344 0.33443352420821704 -0.3736737548683864 0.29091485650721616 -0.46839125434724305 0.01362177378133822 0.717157763826709 0.308288518831652 0.3589142716193885 0.40842778450353356 -0.8702423576877916 0.9911931580170541 -0.6376776852997443 -0.43088362392608426 0.8751211618551342 -0.9325686389701131 -0.5438484488405415 0.1618509314607084 -0.7647752595521986 -0.40670676422306795 
0.5761631353823411 0.04223721957188009 0.36047666455644145 0.612937719819358 -0.8062146635675376 0.16634380306994756 -0.6011395498621459 0.8679239813534929 0.07114235786451961 0.9211207539682551 0.3602382080861981 -0.44137780918725533 -0.8223916282434196 0.5236826244288793 0.5127129978275811 -0.6917186928892736 -0.7894885309738879 -0.2689706589995311 -0.8968622769533294 0.4788535073716107 0.32901925377570884 -0.13256141736611848 0.2912551097403224 0.09717842624375517 -0.08529285786655416 0.007666148949560192 -0.5261700608391608 0.30475538640947275 0.14719596137104718 -0.47778772226647326 -0.8305575583589491 0.12916772709017033 -0.23698489062885542 -0.5731893107067167 0.40656557379489633 0.2543354866242733 -0.1122503277044955 -0.716214381451564 -0.9942741271414113 -0.35102576111167116 0.21335053063786003 0.509279377357521 -0.39812809262123383 0.8819716577023109 -0.32857614482485187 -0.5797507337759014 -0.5294327023227114 -0.6879192242770225 -0.42836611360965304 -0.5276690295074045 0.7627972025305512 -0.91738520824721 
-0.012584563412759264 0.36613762818446194 0.23458729959487545 -0.4097284352893611 -0.35822784106039274 0.5037963372970595 0.44134447952395606 -0.5034273712860713 0.1368229964531118 -0.29456755762626985 0.16372411025791744 -0.20059275447173386 0.15614940925017318 -0.7721670585200815 0.7047652279674985 -0.3600238134686695 0.9359439313588778 -0.8954538571650719 -0.471243134563915 0.8331723361843302 0.581121908334119 -0.7142586238056496 -0.6737887403444609 -0.40989531062455753 -0.888011099877746 -0.2075921958573499 -0.9443214361293988 0.5695528413507862 0.7378637310583274 -0.6035674841014165 -0.8195819093843351 -0.1866758339408765 0.1287379051776094 0.29422818080858826 0.1079497325048131 0.8147701137333945 -0.016732185022638957 -0.21584628611368184 -0.048706911301603206 0.2890581662809588 -0.14458657381219897 0.5740627490553956 0.37223344153667925 0.12153723914959369 -0.8660201460164136 -0.14959682900479976 -0.7063846081902756 -0.16950959212200933 0.5414388698336263 0.14274556190214205 0.6120378065283396 -0.39892560236777275 
-0.607305845233499 0.07237832783326348 -0.7368269423804732 -0.9577671680674167 -0.6328358389874402 -0.6366722785052701 0.6501594846167982 0.1730934218482023 -0.42270882704956336 0.8366891722644587 -0.8047671500544706 -0.6421951770757159 0.804625644259183 0.9464623425085519 -0.34561177223049766 0.616827289410055 -0.30457226238667134 -0.04875676824607189 -0.4034669438354146 0.8428186974127649 0.42551100006610376 0.327715956891347 0.7210313135168407 0.8091811537480986 0.17402784956866735 -0.9419338897807623 0.9684973990725079 0.1655654648281939 -0.7798875465163015 -0.16720979071480846 0.4086828404954912 -0.6071208172456455 -0.6059708611717924 0.2527392373432489 -0.5015784427333083 0.09734014914429423 0.5529401999376233 -0.5016926829625525 -0.06367399319169453 0.04120805708554842 -0.9639231473038823 -0.08273890149112106 -0.9363196293854852 -0.28942105279590447 0.10578388667887983 -0.8749728086146189 0.7128371967954701 -0.04502599681198838 -0.506093305311295 -0.5253424208213204 -0.4579968140933435 0.9156787783745162 
-0.47624087746431676 0.5373252187543238 0.18075332442345382 0.19229644042488991 -0.7281356406070969 0.9786391209827738 -0.25092914697492885 0.9717639065795936 -0.9727474379773211 -0.1075468458510016 0.08312217255091325 0.2507219387682551 -0.47699159235773725 -0.3391113077445007 0.8177689580938605 0.2808808546320447 0.6667371721563178 -0.17268522879229153 -0.7843119769380844 0.5100305908244345 0.5982900070418027 -0.6611293905180811 0.10732645143012598 0.08065346883345104 -0.30581070652818054 -0.9700624305998253 -0.7536343485161308 -0.8587417672644444 0.35799421632134654 0.35678987187345057 0.6998600160153321 0.68898703314257 0.5161473669157226 -0.035997523046456203 0.7164832815899314 -0.353466139699139 0.3701333395866193 0.16206883191351085 -0.8306199258598479 -0.3262788306597735 0.5523866127723205 0.1164942846946333 -0.0716983975880785 0.30248033583933087 -0.28704836941160794 -0.14915019690964515 -0.26598051278070245 0.1281047439128602 0.2184687023403109 0.15755326824497873 0.19470009336256733 -0.6678101148166429 
0.3614024296819889 0.1564345529428961 0.9802049339095902 0.2021187389263095 -0.2037519874962186 -0.19321728279142936 0.703364544558648 0.8112694763962867 -0.7296781745862979 0.35953011950485725 -0.3201638009905876 0.26927986382561486 0.09562557974033448 -0.9266831378874816 -0.36089894631861785 -0.7801374128898879 -0.3800657208007103 -0.3166164975010539 -0.9157317062051233 -0.8669427821595932 0.374185631030838 -0.26055237843274526 0.6863186999115072 0.21581722652984237 -0.6256636682010155 -0.6993697604887659 -0.18910003466611824 0.1970796189865014 -0.815169960126982 0.816516913090386 -0.14740218861512489 -0.31692295764433553 0.9364664899558421 -0.5637215127195501 0.7648142439003116 0.8781984614565777 -0.6446814015083189 0.578215121044128 -0.6693257009048812 -0.2227977571097184 0.9775120240809108 -0.22676240759066113 0.4842693122600863 0.5993030918760147 0.1829570728689205 -0.7110200716914601 -0.07582707579661507 0.1729876428114494 -0.02662488356490078 0.9060946422031646 -0.5449400659703336 0.03722900740492174 
0.37968680288438095 -0.38229446400731293 0.22012607615421897 -0.2068040644396456 0.4820248374721794 0.04427190432886863 0.7235068542017857 -0.3529900354529556 -0.15672349722369083 -0.3048725011620137 0.1030672227557865 -0.3147232412086791 0.07667941917439824 -0.15158047134524288 0.7106749063205904 -0.297259878469045 -0.8001523077285897 -0.9742078567198706 -0.9044901967764181 0.26475149530579745 0.05825799304163737 -0.23489420815130457 -0.8786756770793673 -0.7426014100933445 0.13833707301842968 -0.3995817976616898 0.6785709670025413 0.5505761965404783 0.04063535917146899 -0.71823123221355 0.9112199553202172 0.8682941618033775 0.4973123172446434 -0.0030493069210282275 -0.5901279594746507 0.31266366468912277 -0.48528649221880116 -0.0887028305848192 -0.46443694371592703 -0.2206891814938421 0.5731704497712977 0.05979644218239444 0.9800610768552216 -0.3320897756272554 0.4867907731307137 0.26820889909449774 -0.0006913464163105232 -0.6370706901295322 -0.4423239262491534 -0.37813629998539167 -0.19258578112882896 0.33389668824559293 
-0.12448428927280464 0.9157732347312701 0.5711279195724233 0.3508951229686077 -0.5104057064128806 0.2576424935722874 -0.6050972565876838 0.3555968999362942 0.05976292132389327 0.3443080851840201 0.09246940596242537 0.8152590708592449 -0.7981728821217053 -0.8242715790600679 0.3574213781767823 0.058101074695108945 -0.23663647643344543 0.22628624068280545 0.9082100474276507 0.501594636435178 0.9297334162910713 0.9926150346182447 0.6208535144231495 0.5548150347688323 -0.34724335161131425 -0.7177592795401277 0.2285737855274057 0.5211390976044119 0.22376506605222835 -0.7150384722768355 0.5716928235731549 0.6516191378010845 0.40725369666458233 0.0637467639247411 -0.1160339785693314 0.4695164175701825 0.6403008323543236 -0.12751832599860613 -0.4704707233914187 0.8238659530538193 0.5368154331894881 0.15260943934796378 -0.7435459709652774 0.019457130529236366 -0.9638540709649688 -0.384702426316581 -0.557039791818513 -0.7835614155745505 0.5081265228735137 -0.14130114320019427 -0.6864530606662209 0.9045393311836756 
-0.568136875851242 -0.12142760847261025 -0.8095727653208751 -0.13028229910789135 -0.6322591184163677 0.3388418458941136 -0.44378924987366597 -0.8018880599326108 0.7616944120451408 0.9497335321261327 0.42877329167224154 0.2079914748052114 -0.6463671402028961 -0.7338330209900785 0.04504088628283598 -0.2280257200025948 -0.4854034642836491 -0.16184944760754338 -0.3028635222418492 -0.24253496029518362 0.6584606562100463 0.05816972027345502 -0.47574570354859347 0.7478229998644628 0.3177432653040748 -0.9047309041023213 0.1099567904756873 0.7152306260484578 -0.8125545847487348 -0.7215881870762615 -0.6696772291858897 0.9778699629897758 -0.2277559098846229 0.5587750419083377 -0.9232691979188512 -0.6549774023263215 0.10771249685647732 -0.735956934958206 0.5476591525025456 0.5848758882349239 -0.23482790353648508 -0.5486097070961407 0.2089884273420568 0.38363529971036137 -0.9939119899172062 -0.8404257946673408 -0.16080912867512853 -0.09950840172813735 -0.17983559648886094 -0.23444849199905815 0.9313043477790155 0.4148760532893545 
-0.4178335153230537 -0.42911450947572005 -0.5742177690283163 0.504567144415055 -0.8199956871297234 0.9243514294925361 -0.8559592046930418 0.71063580857888 -0.6856805661847127 0.16894742540874463 0.3936710135986068 0.6968682730380009 0.7494622071939987 0.9096578571819336 -0.02083832691524723 -0.4723993113167688 -0.3734217968585998 0.23185282601675916 -0.14256744467069327 -0.8269146429215934 0.13903390810822658 0.9863855255415208 -0.2997614685746659 0.809077254691446 0.5136237249765991 0.9478754620230672 -0.8449249718763507 0.6729170332100305 -0.8963647002378754 0.5151256249688083 -0.8747766574182305 0.12022831333858663 

LAYER_ACTIVATION sigmoid
SIZE 4
INPUT_COUNT 32
WEIGHTS_MULTIPLIER 1.00
-0.7480137022900992 0.27175185635173293 -0.10572953871007074 0.9366197654312909 0.3864458462603384 -0.9939656053172135 -0.6006469531724365 0.6927937427141218 0.9645943941344199 0.38265287808626947 -0.2724878223552407 -0.6725465542442526 -0.5390839193333767 -0.18841451048677005 -0.6733560571865862 -0.7226590735493217 0.1508679657842793 -0.05748777500498514 -0.7595010124385593 0.07611970061713524 0.5600261571842311 0.4573835635880157 -0.9404945203785839 -0.09703265042707288 0.5329315754926514 0.42637515710677887 0.19003244545574383 0.6543892954449098 0.34622326171361295 0.031070421426433015 0.41574190529027444 0.4866426695123267 
0.369568293919571 0.0703889195574503 0.6989418380608936 0.4774275986861507 0.9096759506343468 0.7651495455000283 -0.3610608625619054 0.13680446685495662 -0.9649254691490425 -0.5434332023315802 0.6596911133753269 -0.5862536799490259 0.21823297624599092 0.3528392134466045 -0.8957213538389333 -0.11907263189311901 -0.70913053962056 0.24555955701625587 0.2272347684981555 0.06696747111368051 -0.8366613618205165 0.8554651187106728 0.6833024217589259 0.38887496551037093 0.09135657325843893 0.9780577063204805 -0.7382684685875085 0.7820278094674038 -0.8946219360338656 -0.6744028289803783 -0.8375717029279526 -0.4156488249280379 
0.3189264567299821 0.5047501945126116 0.19305848028667238 -0.9760234233568086 0.5861384288225069 -0.5334668056984895 -0.5728843055117376 0.6717455425239223 -0.40385466901219047 0.5809934944045834 -0.21947840109455763 -0.2187208253469286 -0.24505841175798837 -0.901649437526731 0.7384949222258497 -0.7371141063884874 0.3616428152101663 0.13058376563374385 0.17711258341277336 -0.764235187324454 -0.01397586631132497 0.40010125958287723 -0.6599288204261462 -0.029225946661003643 0.7029585311847462 -0.0822970205735103 -0.2963817203212895 0.9480699316849139 -0.13166015718826807 -0.6822135598066654 -0.8031635417233056 0.2364427170294192 
0.65560582364196 0.6819602658413368 0.9811235199565032 -0.8157322563960487 0.06547581501467836 -0.30198041644967 0.008800508742139224 0.5742765904681373 0.1470447173991385 0.2651049936684515 -0.7523478922350866 0.7196818044476845 -0.15388221828243331 0.6579133607894696 -0.5569576305256596 0.008100978075034071 -0.6021287396492254 0.6979831769141587 0.41720197116971725 -0.6456383992802395 -0.6726130982473162 -0.3760045125596643 -0.2178563199405179 0.26358385915102556 0.5192722885385836 -0.9108740168144778 0.9067568943532476 -0.24303142811968703 -0.8036712903160583 -0.9708268800366191 -0.4931454560354043 -0.9033186157946995 
0.09409016103774204 0.861190106666625 -0.7013297100747022 0.3915792758912644 
