LAYER_ACTIVATION input_layer
SIZE 52
INPUT_COUNT 0
WEIGHTS_MULTIPLIER 1.00

LAYER_ACTIVATION relu
SIZE 32
INPUT_COUNT 52
WEIGHTS_MULTIPLIER 1.00
-0.2499755321270687 0.471732514345675 0.4189887551374818 -0.4806793654509891 -0.44930290114381366 0.08527058704063828 -0.38454036613602405 -0.26918268703669623 -0.7493288447785942 0.41546873133131856 -0.995709661384427 -0.626303541527935 0.47736077831588286 -0.7583414370110007 0.886843124952573 0.2968453001740854 0.1374513989277495 -0.7288291552315964 -0.15663064690255424 0.7503863465016132 0.9201098788747748 0.17334868645108958 0.8972830162854311 0.5585564806479049 -0.40761969182713864 0.9903224089291178 -0.46337111005180986 0.34764813256441185 -0.32823383224770275 0.3929514774274758 0.7089534324893676 0.8508102124847616 0.7856013936976762 0.8031323881753747 -0.8963978438342479 -0.31280526687766885 -0.39460260356375554 0.8793918799883351 0.4683799045747641 -0.6890938684631436 0.5407230773577931 0.35495059045704713 -0.2098679326084676 0.529534583731085 -0.7980814695109069 0.19856651937726832 -0.06858933627065733 -0.45343379974312614 -0.6190800523735003 0.1546408436285418 0.30218914043151845 0.7062676393715204 
0.6184305419744589 -0.15047127006334082 -0.5311357304803463 -0.49403109202891327 0.23221409349830968 -0.7497452853251156 -0.2816494505905889 -0.13148770082995553 -0.08104122155078963 0.9894972732843923 0.9109253240398969 0.16728095435444312 0.28921140870077067 -0.7524321262276312 0.52225007977369 -0.7555876126931438 0.30599887598494413 -0.03424701769754135 0.08281784384571145 0.8502155666515636 0.5066393973913974 0.18268474894503695 0.6550065944218761 -0.09920709134433792 0.38267789054314005 -0.903198628892816 -0.28238971327114437 -0.8579969045252835 -0.8329175241865583 0.889497340530826 -0.2649286237749493 -0.5288721791710413 0.5272915405411986 -0.3689841348976812 0.593695911178785 0.3723372373616409 -0.43415520808044317 -0.5901212221417977 -0.3300955639744203 -0.39954252042937943 0.10127138383060807 0.4673775093471617 0.7320489259741116 -0.7802649054116721 -0.9583624014285108 0.8361799934472776 -0.9304750212086894 0.38623521432353325 -0.8959161309452846 0.48615994241526006 0.6269854283003193 0.894598574282119 
0.788259221662162 0.46116769082476283 -0.04075146600275992 0.09427312597621818 0.9888996914976167 0.15982973751807683 -0.1550119489815407 -0.6843829511372068 0.6502912521915791 0.8291564217808545 -0.7798192600331819 -0.2549761190953752 0.712731728321365 0.28516367917495855 0.5812772458752733 0.33821287073589823 0.8449925548534336 -0.7503431167997194 0.5138132916495242 0.37057324911281 -0.15943771214616365 0.6429605421771378 -0.2081607608301801 -0.9469335444937785 -0.5777442033569617 0.08863379905046065 -0.6082980673934417 0.996428189420385 0.4360900096079068 0.7087275573861189 -0.26456169218444914 0.6078015841959947 0.7985239422068346 0.787324891900056 0.5243401571607218 0.4625757536303359 0.9562297986650188 -0.7095667126087057 0.7773340617949605 -0.21830174950540382 0.8460511643312123 0.3936337194453561 -0.34230628016594045 0.4771427996071702 -0.2778453065502564 -0.3531214861133187 -0.12596795424526674 -0.3953576036562314 0.20226905019147123 -0.12782923977623661 0.5487505229816105 -0.5622064919127288 
-0.12967041118090572 -0.6059310830903955 0.5213780915207129 0.07598474547105272 -0.8480937083873561 0.4566207927846635 -0.34351918189729447 0.8653988682028433 0.4842648046950224 0.5660683276787744 0.6092023615735087 0.03322147758757943 0.9688365092253992 -0.6403623089384631 0.822777913382329 0.4818487593397234 -0.1780795495770835 0.13529147240366268 -0.854417207167903 0.4236423421301454 0.08652899955355253 -0.04345051366312802 -0.5370007304383762 -0.9572893474863475 0.22227799493399947 0.632874281313978 0.0885371439965541 0.9422159154994889 -0.5960347831445689 -0.026773679592706268 0.7841507610866778 -0.49896147648502986 -0.0958273993763532 0.9741350553823498 -0.6624152283419706 -0.7695404234547982 0.7200727147359729 0.4716073223318933 0.8320607336840271 0.1152012116748069 -0.4140109550461597 0.0610443743456226 0.40689361041025274 0.70126621715717 0.3927912304239489 0.8477095837481767 -0.7760530436621551 0.04047278747465444 -0.7540829554827659 0.4682080836245215 -0.9498899602909254 0.9679124602849876 
0.1845375782456362 -0.5587622109023602 -0.5544351650631898 -0.21443657799160065 -0.308865301390711 -0.5678704418122951 0.9048250105892035 -0.9084467738327757 -0.23861251125106286 -0.5149858144301769 0.8428783810942939 -0.4854173331462115 -0.3679252964895312 0.4338984870514391 0.6758717844457924 -0.7076964072157788 -0.09185072737377098 -0.10585405437900319 -0.6645900494608326 0.4724745057094848 -0.6221902783750317 0.281540890496923 0.4053819074536147 0.36392378071438425 0.7869499573215848 0.4959723660049149 -0.6846236934535883 -0.8527817952607895 0.6906043145499448 -0.6093169706382651 -0.533165131965561 -0.15904804101581438 -0.045400775171785535 0.4117028888878955 -0.02124342170337634 -0.5713396499471781 0.17116077638327032 -0.2888999262858747 0.929167040631973 -0.15617612872569642 0.16990127141049327 0.7841793817689837 -0.1317720601927146 -0.010241423609749889 -0.4610848526611204 0.871901335685896 -0.5839124387095989 0.9074472481183335 -0.9232335082386964 -0.945669309445917 0.6113104957298141 -0.5062349425052521 
0.4099595072338851 -0.03690371933338965 0.8406703542908833 -0.27268524251248794 0.8933152285727539 0.44079407700075435 0.037321198520519294 0.28437817128638576 0.4532050125703324 0.48166061594457976 0.6724992412026067 -0.02598956766396654 -0.5381359811465094 0.06688105597017446 -0.8420218703222666 0.9588616841259885 -0.23521856283991904 0.8327809249511906 -0.16753694880327363 -0.9601030313261762 0.29308894122200413 0.7858518895884172 0.8694939387902847 0.9712818772780691 -0.6108041241615252 -0.6005797097892789 -0.4715134589930474 -0.820592051046052 -0.7772418798385465 -0.16625082269409575 -0.7217469857595378 0.7164458097440616 -0.2155117949675711 -0.9510773514326833 0.7567972688943292 -0.055934273093122044 -0.5812698894417834 -0.291044462228762 0.9635526805725669 -0.0795284811346948 -0.2705503529773723 -0.5744344923525628 -0.4051906185934191 -0.5044372560472812 0.7465234122353932 -0.28300784958347225 0.6232107806544362 -0.41573098967300703 -0.03723514296060504 0.7643315978529988 -0.46994222690594634 -0.8429869526068943 
-0.4872406731592409 -0.7679973710153272 0.5558831007727625 -0.498526454950176 -0.18490213080041062 0.9658383920967142 -0.9144050761504898 0.8996022166313189 -0.6670457305206134 -0.834977640705316 0.5131431921437881 0.7977591158280586 0.8469043092539561 0.2783271752803853 0.05957664494101733 0.903956618536558 0.7444810682218963 0.34349020168452804 0.3652449114085099 -0.4186689101849206 0.37831958224331985 -0.778210524210738 0.5868723958700961 -0.3960661331783557 -0.07586784875644415 0.8368731990307772 0.0028488850124774867 0.5937683210376543 0.18849120826061894 0.6214683452286844 0.6737949313503027 0.9373336112831394 -0.5625726234208879 -0.9809994479377047 0.2666278001038296 0.16415326399387786 0.41459886003635704 0.7133627461059344 0.10962382944539861 -0.43336792095310517 0.11390675414125062 0.7709128243397454 0.5489142278416808 -0.7739320155141096 -0.03171779532638119 0.9339279136308869 -0.10838540772974214 -0.3141576297243842 0.010832721746844465 -0.5882705605849465 0.6366200721066682 -0.12501963793297732 
0.9803471571401241 0.612317303382623 -0.15008732321978613 0.331966758304864 0.34690312066886 0.3950310374611181 0.09587876421956643 0.09555788524629505 0.20124743541936918 -0.21533640876397642 0.1925664235281206 0.929758394061003 -0.9683639071564178 0.9148897531447564 0.1392430185470248 0.3225500444614444 0.22119073148956692 0.010752968888601444 -0.33996903509707055 -0.23712613075233668 -0.9338737585187606 -0.23300793314718615 0.8305337928313496 0.739382858520397 -0.896224792501588 -0.06622953187079528 -0.22740633106216968 -0.2531866928404103 0.7618136224073668 0.048957662831141 0.3211235557656431 0.5491288918018458 0.09102841289464414 -0.09465167397594154 -0.7431660441683134 -0.4179521733481777 0.6657358905593433 -0.6914825580767756 0.9118531257488358 0.26079231887802545 0.6375684489946396 -0.4430122400945531 0.7908411072092303 -0.21517633142085413 0.533190548205579 -0.034711378547475746 0.15587688392737187 0.42866939826935146 0.5789957354276771 -0.6685931242470338 0.9159276563375434 0.6954215240114865 
-0.9995315250263161 0.7788284930881564 -0.25453225949339164 0.3319492288140451 -0.853331859346804 -0.23788397533865813 -0.4768972304287078 -0.7564967014866995 -0.0597257639842117 0.3002272537347985 0.46902184439024963 -0.8273915582833575 0.08379587164172553 0.5423804194983077 0.17382726731453224 0.6031007436150624 0.3096253974918939 -0.3249955717013284 0.03955723062226979 -0.6069470219360413 0.3806462515361104 -0.9176515997067591 0.310907586138792 0.6674869585014402 0.4467095269601431 -0.0719098671094689 0.8355827690229454 0.02743636823511708 -0.6499648771668052 0.956311433942413 0.978540564975592 -0.34983201635306704 0.8850874008678531 0.14653615241990403 0.20867051966425243 0.15623027290701952 -0.08431365276822889 -0.40299419394257274 0.7065386126484074 -0.10071026077282408 -0.08884064447782691 0.21869080209936786 0.5347523203588409 -0.882047289312538 -0.8255469030419356 -0.3652010377404822 -0.819067599510541 0.6678676302093962 -0.5947787983150996 -0.542828707753632 0.3657758386130505 -0.2355228623042791 
0.8357857185877124 -0.07341562664507029 0.40837549617507696 -0.21887913808505766 -0.3014607374205296 0.04034260339001472 -0.345536957913706 0.4685387994945629 -0.47801575233750926 -0.5286435781090113 -0.8581001056716646 -0.6002508721834334 -0.19329417158845308 0.315730977157362 -0.20813189014583866 0.48784237296070576 0.6532402597572475 0.20774992897387667 -0.12296458201014038 -0.19777819987304568 -0.772219239706722 -0.3637563626861886 0.680466285537535 -0.23124876602858113 0.5998095468404343 0.14923632119079633 0.0892879558230717 -0.7142386159110179 -0.5928234710874636 -0.8953899169994814 0.2666591482771643 0.2018328998032426 0.29145759290216144 0.9561544982301484 0.27626661850332024 0.9419162195713564 0.991505614056684 -0.015756368619171957 -0.5005444973815696 0.7761882553801063 -0.3980304693780514 0.4528646598539203 -0.2532741972180519 -0.5078145467800281 -0.9683839372929184 0.23322562580366002 -0.7859378084747644 0.5190475519094293 -0.6409589321475078 -0.8454597500906469 -0.08364324612832563 0.8105827595123236 
-0.32472560665881445 0.000675209845580671 -0.14314994279247673 0.9061082591821039 0.9816630807537274 0.11275942362406854 0.17294147916791647 -0.8744234373002686 0.32576891644138817 0.5284769067391635 -0.9980483241305875 -0.8660790537043281 -0.20603115717454967 -0.20992445114446845 0.12606067865216253 0.7595402581447535 -0.16155961837741684 0.6744224435124948 -0.12495047872397569 -0.5163778741383751 0.9076321546297843 0.7945716356740655 -0.021137240318642503 0.21035240167978064 -0.9435468101263091 -0.0601096010000306 0.14235000127836983 -0.057378461458510666 -0.0012754057312380773 0.9898514601408028 0.19402858605970152 0.4792749961959537 0.7330494534280578 -0.7345118665707393 -0.4613721830401907 0.6790509815768038 0.18369908794301937 0.7100212890607351 -0.9505003428302365 0.3747102860246674 -0.8480344986893582 0.8353908617596757 0.986359225091499 -0.530431985410152 -0.6822521484163653 -0.38791149992514895 0.21888656103355153 -0.9051699883208664 0.7005239672135579 -0.7743900185669479 0.20749591658187105 -0.6163150717145847 
0.7376924726074889 -0.8132644340994395 -0.09719810507244464 -0.3558335226765126 0.6609279422174446 0.07099030840426312 0.0789186774388877 -0.32088868000858506 -0.338661456858826 0.9833048165249529 0.7132326557031079 0.5615830734453287 0.22631404995217252 -0.41468210649383996 -0.48819264629699477 0.7122296558434791 -0.0914791639639343 0.6889327305483355 0.5542903911903818 0.0289262863987767 -0.6042657953150148 -0.43997855028874566 -0.8316114181728071 0.2195882596437928 -0.08789520787205785 0.20137139448802577 0.7831896622406895 -0.06617254601146483 0.7823573655343188 0.8021944451432921 -0.7513140202790938 -0.8638507267055904 -0.6743584670590128 -0.4073159636628878 0.28908326651229266 0.8287428171700064 -0.7152626271141251 0.9279653848564173 -0.5566810759677521 0.2745431017206794 0.4560215953200917 0.585170738754099 0.8206613469185835 0.5125162893818893 0.44847759247198793 -0.785161108588605 0.7102861855593379 -0.5269056208305973 0.8718912523622948 0.1664698848073809 -0.5487567029268701 0.8521471085247423 
0.5055737633929076 -0.8978599877192861 0.4267009541152966 0.40122579222407784 0.9304817340063916 -0.0016025460476145614 -0.3810269643165416 -0.09261841107033408 -0.014431020349447765 0.020476596142150694 -0.8027624007147851 -0.9765107448714425 -0.24542244595571616 0.3802894819284519 0.19191648061818323 -0.7883716684838749 0.8393965743847187 -0.20500887642439714 -0.307996046564172 -0.5126107743636561 0.7661487092464281 0.2591104344556525 0.9034023733248384 -0.15558463517856236 0.5928272730501345 -0.010273390951012207 0.2969999077031764 0.0663017302861939 -0.39613523627763425 -0.2100307539176598 0.8397563661199723 -0.017531261996017067 -0.8363082501538528 0.49914768902528617 -0.9597329630669311 -0.6191080662534725 0.10743325945546967 0.5548503975410297 -0.431619092057669 0.38964460646070975 -0.42695905542341794 -0.4098532712383707 -0.7130595966669411 0.41458912959132643 -0.48712539842256364 -0.24129958535719442 -0.37294754846322964 0.5954646713385463 -0.510678143203908 -0.058038387758425625 0.6145084395959004 0.4635153942771535 
0.5998577560814873 0.05442930772542898 0.7289624312808121 0.2548406077331975 0.17983280503119192 0.7033000571616368 0.5343205040133898 0.014331968942642437 0.16583047366511638 -0.3688836598748151 0.3454402291055618 0.3688429597987375 -0.5082918811341468 0.764965942087356 0.5801096578820575 -0.25300642214676183 0.5107740404369248 -0.19196527506882743 0.6663575907637687 0.5011514872501222 -0.8294141731148565 0.3679166554255575 0.8997409231481555 0.930004216014011 -0.5488445828703059 -0.15279031206863336 -0.8160794496264676 0.5457201642482288 0.31558382209038793 -0.9345780549047793 0.7276528221036183 -0.6318975517263208 0.15094221440509736 -0.546685647352493 -0.057500719524674615 -0.2285775630247957 0.5261134158026954 -0.2950137702227884 -0.6245192774155017 -0.39912574950714186 -0.7135168171301378 -0.5270815765291115 0.9250053769619404 0.938723174750929 0.3812959077279525 0.07547056330173763 -0.7611692289201974 0.6325074727292361 0.09425174059309072 -0.899785587969768 -0.4111314109093511 0.7977632065239217 
0.014737303568908677 -0.2618355943122095 -0.0722501417312924 0.674306975871555 0.3930314769805048 -0.19875894579733044 -0.43812307838749476 -0.5213931097984348 -0.26034849020546647 0.008877156640568318 0.23628965174668393 0.2735565762377541 -0.8758935187417305 -0.7160204607708489 -0.567100902194043 -0.9385837726011077 -0.7177637175351905 0.8446107705627344 -0.13269234149327946 -0.24727336382800114 0.0610659758671106 -0.319132067015343 0.7033053328780541 0.9231243609913447 -0.8360659554962437 0.0862959101786418 -0.6971587736869029 -0.3586944089600568 -0.808954218265493 -0.7276896593097391 -0.714840556437836 -0.7277114435010799 0.8539054891234095 -0.21732030862807394 -0.4831968290075561 0.6048597698030689 0.8208163996175546 -0.07256372146917145 0.7458048049011354 0.16360616237058534 -0.08939100647222253 -0.16065942628219543 0.536598315275628 -0.08402575762811737 0.14993358495717324 0.6866483195013549 -0.30436128952717767 -0.5946036325240691 0.21706147655946562 -0.6952501984558508 -0.2218883655180759 0.5427516291403949 
-0.30886370991392176 -0.2130231757149006 -0.15266791926844148 0.7824867712978267 0.12609340208668085 0.15103211658583904 0.6814841976018557 -0.6226324378270158 -0.34902038083571196 -0.03779642415355622 0.9310721499411678 -0.11813965309266705 -0.5928015757658813 -0.10402922934373193 -0.9702943582005732 0.1150109568157347 0.22078356189773274 0.11563016822027028 0.6663685908957753 0.6405317210245651 -0.21908886444820252 -0.7986992748863191 0.08801520710480215 -0.9089702969912732 0.23138397059134985 -0.46644159638357485 0.5639422092213489 0.044602929953101444 0.13634528161812054 -0.3918066672187195 -0.8599460627673265 -0.9264662957395036 -0.26665669699797023 0.8872126983828408 -0.6963419739396453 0.9085348518043863 -0.828761667766376 -0.49183778616824925 -0.7997357933286273 0.30693634295254424 0.6218536157501373 0.9465478091939901 -0.7670038601014195 0.3315608929491334 -0.47942260668074765 -0.5951794623731914 -0.6911579995805552 -0.8279047160894712 0.2288539986016116 0.00819407954800222 0.08700616651092163 -0.21997111487266996 
0.9767598955027275 -0.7201885896155984 -0.40901592764893757 0.21895351134050034 0.9453296879303663 -0.9058550942099237 -0.7361889958841454 -0.5232993509319415 0.09625988322930557 0.050277447744859094 -0.7120743766895457 -0.567858568017308 0.4069325885529298 0.975803372832148 -0.40343248887821614 -0.7122265429475443 0.15498969836186105 0.04503198633085548 0.6772731917164896 0.012824607340297112 -0.03186512824019161 0.015949191432981902 -0.8800820850848439 0.13979268694470126 -0.7450355177480539 0.6656611557391754 -0.5315391693142724 -0.4503433580958274 0.7437083682762105 -0.6225323598966177 0.5346930345243706 0.23321807653452598 0.3381630853469715 -0.9631662650340362 0.5717013002436775 0.7875739328215003 0.44040543013905187 -0.6628046915340986 0.06593974166351324 0.9156771525414076 0.049545196004011194 -0.6541865556996227 0.11916318242488777 0.35189992102791834 -0.05679021213451141 -0.27914682559239323 0.38763783426013143 -0.36626716736740383 -0.879870674931583 0.1923566374955188 -0.5131612053474142 0.15930551192343745 
-0.5030269641694916 -0.48661394283116244 0.24572801198451155 0.8002626056285842 0.30950037027817245 0.9819169342986791 0.4664298075349682 -0.15779555780652688 0.24182186242913772 -0.030894434464258547 0.9268570386343591 -0.997177027699649 -0.3813665920000231 0.2963409729481452 -0.34101480734841205 -0.7699405643754982 0.5396476589673793 0.3967117201752135 -0.15451018773006564 0.08397891394355095 0.2206777180392414 -0.7930756960673067 0.726415951611086 0.2996912972751842 0.490865161748975 0.14278755513067565 0.005793745996155231 -0.4974408625386584 -0.45526500608080056 -0.9659522549876156 0.3278494515749768 -0.9623161486546883 0.5521390087206539 0.2629289981263918 0.6147180564752577 0.5627740769132579 0.5807143646931108 0.7493696784298494 0.24225458413311562 -0.22668612637648544 0.9622304655002267 0.8241655793418163 -0.04465634916687966 -0.30302580883049623 0.37362517454049615 0.609065495945895 0.7626721260675364 -0.4646520104894445 0.501835958299025 0.029000725184806564 0.38328933511601426 0.5330680272538171 
-0.8403100080491981 0.9590494515615553 -0.44669594943459723 0.0021132229372753386 0.8854569643529275 0.4174523241149144 0.9419864180116979 -0.7712714224209596 -0.6008813470210292 -0.3446313715990639 0.22841467770076185 0.403193098193656 -0.5323905153298618 -0.019002801797541213 -0.04604207043125874 0.09537929488395402 0.451397962424374 -0.2127069212662167 -0.9375472187376122 0.8006397836865256 0.7678809815159313 0.794382059732968 0.15139076354425418 -0.41271130448075866 0.6451873830430437 -0.18067903439539879 0.8951537382555634 -0.6326175624433279 -0.49404116121345343 -0.27259416323195773 0.8216556144542306 0.4392671977660396 0.32911599616474896 0.9824751600648873 -0.9028847325497611 0.2162715337482357 -0.7381558684784997 -0.5083094792336249 0.7247848311639293 -0.5097538061411875 0.2318208767506884 -0.10962118098027895 0.8407374121931401 0.34347147443528914 0.24208167690189075 0.26627027160242767 0.4533313718150025 -0.6635476013876667 -0.5876638131560628 0.914246292443305 -0.3818566011951896 0.6799327979162122 
-0.7910287157752989 0.7906439255248365 -0.25398158635537693 0.746386047766517 -0.8936093319325611 -0.7581772208659217 0.4494179500939868 0.5649481240850533 -0.38484548404958874 0.923068537766029 0.19007937930344165 -0.013593127759965906 0.24145528736963606 0.6928704324368793 0.3276366481171553 -0.6384462366243155 -0.4209731456776451 0.09891301621500292 0.4615889982046357 -0.3887296823371631 0.5472450490314664 -0.2750067439461832 0.5985193861640872 0.7213487830843957 0.8141474044612305 -0.66607822727509 -0.702896207206555 0.7766695170120181 0.7673423109219262 0.5694485146437707 -0.8809313521268749 -0.9484591938882374 -0.014315198167731413 0.6570341842241607 -0.963480929229495 0.26558223067453635 0.18667490035476564 0.9942827692136256 0.07682091205914476 0.4304044082669798 0.5113410253490454 0.24760760919797775 -0.3930112118967548 0.41329424671869064 0.33432729309184483 -0.6266068520439716 0.18846092834704287 -0.69643976843565 0.6049064593803051 0.04559848937058786 -0.443788737148338 -0.5439479744939906 
-0.1601735928974477 0.9325331196645412 -0.703310916657244 0.19516791381954302 0.7178526540064867 0.5025174757076534 -0.7552615858110325 -0.8205132245388285 -0.4775013480709722 0.3566468690094651 0.4762510434597982 -0.9841782604606752 0.017338742980130606 0.7175671281728049 0.11307133986535267 -0.6790055756054587 0.8986640742926808 -0.3005763343586645 0.11399509709363476 -0.029737216449475357 -0.21920765441036005 0.6158173310667054 0.3154354704469464 0.1487485003370208 0.9618354443988966 -0.06362146109180422 0.6743280078882294 0.11074390530634504 -0.5329035501577215 -0.5479784340482861 -0.23341332589572805 0.7439723754357841 -0.21977006006476518 -0.37722395386246577 -0.005453851624813266 0.2498451079540227 -0.8098441956843927 -0.014460747043687494 -0.09613069654396877 0.9995579961911767 0.30102884173141975 -0.32612529267287504 0.4429221783968158 0.7650621023246695 0.8711281657313259 -0.7531433407342483 0.4855328942478827 -0.5496676947199106 -0.044015828371804844 0.9501486184777539 -0.6346465262176442 -0.16510570849855855 
0.7756153484839075 -0.3718452984931666 -0.8467653822959136 0.6839407844331369 -0.07858998363239178 -0.36025209384597523 -0.6515718091602549 -0.33602736710369796 -0.9831923763696784 -0.24539258938902608 0.38308596214059953 0.27615229612544656 0.5403745254351022 -0.14791562748980724 0.5528704608921811 -0.25662403744569207 0.7310901318078689 0.49812927526408446 0.0038237289454174928 -0.03948381434256709 0.782061949287399 -0.6468124124975172 -0.8538925103954726 0.9484881156975338 0.46126533697338834 0.6388702759648404 0.6650849752062864 -0.21599040807405911 0.7584498424733741 -0.1433254226272358 -0.8103565188610335 0.3601326983290789 0.6221929886077253 -0.670387241485155 -0.19173450866472463 0.43069612647402256 -0.5638770030745817 0.5611105379842136 0.48561337789058245 -0.750019733186883 0.11038380030318007 0.8718141013756755 0.3180357548927071 0.604068423194601 -0.4637075045004557 0.7548691373995731 -0.1431929128582492 0.644670564602305 -0.7236684349718243 0.07852663080163547 0.6051709081490275 -0.8041425153880382 
-0.5490691514545183 0.7488340394984156 0.41611989761939516 -0.05653664615691634 0.8400024540041746 -0.15478718427979477 0.2672328378555846 0.3388189824800849 -0.9489774621186928 0.5859973076253178 -0.7029582824425109 0.34884840961873786 0.49247019911106005 0.6088732737203273 0.7614630515838714 0.7097088715540267 -0.20027285698696873 0.5675959120359526 -0.0586732705681654 -0.44422459749455956 -0.605203236368044 0.47341534120820583 -0.7940936044903297 0.9759377083683154 -0.2296545103408527 -0.7726586585351749 -0.9180117521562703 -0.9888457362407004 -0.5113661009552353 0.6850316352453933 -0.9356732134521835 -0.9989534419189312 -0.5513317276780871 0.6420777607642343 -0.5247943649439317 -0.15036662227864417 0.1748375236085915 -0.5415599529861832 0.02153551440956858 -0.4637762115449149 0.908694098668412 -0.6176180853222137 -0.05980892430122631 -0.021612403632250476 0.5607637623049819 0.3074095583545766 0.4955531373987023 0.456985641317049 0.2143595811346739 -0.6590523394512884 0.5191517444010576 -0.3796868094631898 
0.23269672038982225 -0.5286923575089888 0.6044953663694212 0.5305146802847753 0.7997214763444134 0.5685704690976456 0.9710348666544528 0.7031823347432171 -0.6970058928260143 0.07278642451144113 -0.4151201563174831 0.21656680160876585 -0.4126977775251164 0.5024476247016534 0.24303896079906018 0.033877935751080335 0.2599932630351216 0.964393906368298 -0.09818899511539647 0.5434927304386195 -0.6057044181099789 -0.8965993107624155 0.5626848473324448 0.4620499598352057 -0.6468762915346247 -0.153668950171999 -0.3467485358450919 -0.8272339201164911 0.12225720143415009 0.016911634339101145 0.03706118731884467 -0.4869592958038078 0.7809872416874377 0.739237688050087 -0.8994530176477151 -0.5515667977095418 0.9754795255037763 -0.26058056580416955 0.8654535357872253 -0.2517178746977513 0.35462529390186903 0.607446948824168 -0.28226952972262964 -0.31750670711208917 0.6318718645954404 -0.8378050723040844 -0.7307127960741513 0.13300453868072748 -0.5970941622852233 -0.06270681958234747 -0.8751529632413639 0.6017342438304911 
-0.7337346343293689 0.06753611814493388 0.64780742562271 -0.06207995335716099 -0.06602893047446567 -0.6130270890772425 0.5147834518038712 -0.011843627450475624 0.38892830674956613 0.5391665323430439 -0.4004028827480963 -0.5042124537979042 0.7717647388584588 -0.016671083069193626 0.378672535417649 0.2806355563920997 -0.9822301634877972 -0.871282011897339 0.753897601059085 -0.8547521594290208 -0.40276554799943365 0.3408047654290023 0.8666654308725235 0.1599250820266469 -0.24181246099253495 -0.8984133099541278 0.28190537815794947 -0.039444335833872746 0.35211176044250525 -0.3923203925581904 0.37575452416760724 -0.2373522733701927 -0.1597660391230853 0.5101126509576921 0.34766823344614717 0.5973048796217724 -0.3362745470161188 -0.022570168415650516 0.060220110068006205 -0.026921533459339786 0.6527609844962641 -0.35996195128466435 -0.32940666550767106 0.6466693680505029 0.8938358715743868 -0.29097485384071375 -0.8527715212117628 -0.318974265580831 -0.43773373057114995 0.1974026658726844 -0.7041747441728607 -0.2899688203448876 
0.9431838695538854 -0.21531153800819314 -0.5732454958344924 -0.19422270869715796 0.36058762884477225 0.79053171901955 0.9682818489995884 0.5748278916645144 -0.9481403910114568 0.900905678390503 0.29386911486491174 -0.8356369519879292 0.1679160958799708 -0.751869006779097 -0.012482196532342504 0.8278146738643322 0.07254928489460011 0.1675573682281748 -0.28168803434621426 0.23805223560748567 0.9709660674948892 -0.8325645032011402 0.785927782299747 -0.6171400910112956 -0.6831801387231256 0.2048678986452186 -0.4701284852337053 -0.1794488498874085 -0.8953448237112152 -0.9752385842511633 -0.9016972604550235 -0.6730312598068704 0.08335749345178178 0.8525638059559726 0.8133238102230764 -0.8651470849127854 -0.3015093647620526 0.37621846563286043 -0.8482056454669247 0.765993157644296 -0.9759388472497303 -0.5761376526641735 -0.6662993841096194 -0.4232540697173832 -0.11087922770539715 -0.49505661761420594 0.4961802599174827 0.7328838428106796 -0.5349982955791974 0.43626531338307584 -0.29089454925142455 -0.9264350298235846 
0.6808454379460729 -0.06601340460734484 0.17090457628050082 -0.7784116545852322 -0.3001925131137986 -0.58998863072767 -0.23757521841682316 -0.15000708535779017 -0.9298977382644489 0.13494352247270291 -0.6123952312862391 -0.7580870575507237 0.3002016401908134 -0.6901069284295074 -0.9400646509124144 -0.6948547310639561 0.5809289509030422 -0.43759990347040256 -0.9750503210578203 0.6543325734831293 0.7970488546830268 -0.1044408165866959 0.604436866451058 -0.6165412750924193 0.9609736250347116 -0.21080287970690437 0.2370526848631953 -0.17016907821952687 0.6919848068598926 0.9375557407857493 0.667337033913987 -0.6556471405895559 0.04013611033218201 0.8026718518313238 0.6846081401172712 0.7446573238848946 -0.8862075180445443 0.8476244139216578 -0.1112908022632384 0.30953192001402274 -0.8113215798039619 -0.45298141009150394 -0.11520784861806521 0.43711147377841075 0.34053610765069453 -0.3277544608920917 0.9030594055573549 0.031868435755187496 0.34179700400664603 0.9638965632326388 -0.4281501669492993 0.8844003925976349 
-0.8081503739364961 0.829312826917229 -0.7009207574949876 0.559955815439509 0.18444876722657777 0.2382467923893743 0.2021543603603937 0.916696351761219 0.5897634359859116 -0.8488654234854793 0.03688413994888817 0.9555319706810352 0.2495862994417526 -0.5613738629031859 -0.9568527467287071 0.3032103972407696 -0.9824670904501418 -0.8972970761141394 0.6491079144271505 0.10416206570316788 -0.11998666120936763 -0.2957715546869122 0.35307531929109603 0.22704241776559364 -0.1257205102343828 -0.8755191324456801 0.6047838167777471 0.8212828415321689 -0.7621100306372537 0.12475486766236399 -0.3337327641987744 -0.5162922600916944 0.1497268580606419 -0.4176229378468794 0.19329457968269792 -0.8067538024471972 0.10138911031261322 -0.7778240385136139 0.7910240922027476 -0.7635531986625703 -0.7524433846880136 0.9915735482926646 -0.8056874739847446 -0.2010381508590693 -0.7558281908180782 -0.15281785351397392 0.6489591460723598 -0.33435364029009573 0.2552524755590344 -0.4453341823363506 -0.8262100752898693 0.6681336947734262 
-0.6136670180185599 0.9550351413803606 -0.4077330746923409 0.64313153216739 -0.16278947841562763 -0.4979418023160178 0.5539442380952206 0.13063196906490715 -0.5037318033241993 0.5610984191689135 -0.3098703302714947 0.18738945535946838 0.9560743471670723 0.0311393757206202 0.8778130905821229 -0.18126356007147026 0.09514572602877802 0.16541149676699485 -0.08985760408113963 0.5364742522945058 0.35273686144125094 0.949168553356571 -0.664965875485904 0.3894064035520566 -0.35213934760125687 0.06262576438662482 0.7716995709969172 0.3707979296149919 -0.6068225681505339 0.6868704265502248 0.30873470032838624 -0.5438999702685485 0.8937272680464048 0.9283728314610737 -0.781779283320521 -0.8836960131537057 -0.5186730446777572 -0.6268864576643731 0.707021124834591 -0.6179529913988595 0.47865382580460625 0.9522180383560068 -0.6303459986014552 0.058354143469722564 -0.7567459073557457 0.9400928881823214 -0.6061948847900429 0.5499539559980386 0.7681520198315335 -0.9587564427462052 0.8538167933158496 0.9462760049410148 
0.07186005126156991 -0.46009543280484255 -0.08429658998931377 -0.847172435102268 -0.8121817594431318 -0.08750758133100467 0.7077461994985779 0.03630038908128386 -0.21979553251677597 -0.9566477368701387 -0.26409144973123655 -0.5709814344435369 -0.1281374587202695 0.18156068987030638 0.5401561922041533 -0.06979911323488075 -0.6673496710659259 -0.546270513800498 -0.5732742614916055 -0.2905164163993863 0.9031028249262221 -0.7742317262431142 -0.42055768387364023 0.724183827876002 0.7305313764699961 -0.432056218857205 -0.24177641938522898 -0.5108277860950277 0.9372594242439394 -0.5641444471787738 -0.7060481353002936 0.8685614426132044 -0.17384508611782712 0.8517560591517319 0.9634975293893182 -0.280005572004947 0.8124801679537976 0.3473287787439585 -0.8447369921305339 -0.12280417323484238 0.19262335150616217 0.2580868860795753 0.6584079716439604 -0.7397880321497672 0.6575131116428312 -0.9703511371896498 -0.01726511274350928 0.08205267194631305 0.25420475957853084 -0.8915986561816744 0.5777210907914931 -0.821581438538219 
0.5411547225300608 -0.2969453635927233 0.38595434950203944 -0.1604433375827785 -0.4493083069559871 0.10582296024400684 -0.8465797645767401 -0.6930010936769122 0.7865262798815134 0.20859434335429006 0.2276393284899887 -0.6579966431766704 0.623354959907906 -0.46364013344012966 -0.84205624523228 0.4872906928209322 0.6072928227384915 -0.2099994206591309 0.6517303974806479 -0.5754853455852893 0.3216822148763778 -0.43824922197872573 -0.6274333120110809 -0.6909416709369842 -0.20578935682481325 -0.2891653790961839 -0.6141794313256512 -0.0010420554677521565 0.2846505116614555 0.3038168383940374 -0.44956974325361276 0.8310788458468896 0.6007862208300843 -0.24564653470390785 0.475131880238131 -0.34104654878411744 0.42226864281463694 0.9089139766466756 -0.07756560845001648 -0.4585112569851253 -0.3519270297842858 -0.7949197434370219 -0.03614540897303331 -0.332149296179564 -0.8836380831097712 -0.2732411089997486 0.13072587676218306 0.8741975078991617 0.39583607010657307 0.8897885894034441 -0.019039815310915253 0.8928022783169769 
-0.7163703412303599 0.9784248369472841 0.31819954844508325 -0.43558360441321153 0.10836690945242755 -0.41696090905598115 -0.20738181085681373 0.7958143250595457 -0.9454585097668662 0.6949652523119287 -0.24979925286797844 0.5846465253565498 0.23895074191630905 -0.7578531270783293 0.8481698574706338 0.9039812262655478 0.6405913099679865 -0.8044756576809728 -0.8945256597999311 0.636640721148523 -0.264359532708083 0.040405413470984364 0.865851114792791 0.590679553840953 -0.8273589511385879 0.4830444136717229 0.5508643513795843 -0.9671659284983007 0.4011531196060114 -0.6026587113566357 0.5165986049537223 -0.6879284474089622 0.3391155849238854 0.41232672455058905 -0.40678387186586984 0.4953267591147916 -0.923067567348556 -0.30072480433759696 -0.938582913298665 -0.11674835427098729 -0.8466857887719346 0.4509014403349141 -0.06158747087565364 0.44794585711429735 0.18084722583130586 -0.512407817943946 0.0025793862169136705 0.8356693011847924 -0.5178372358138055 -0.1624045281563531 -0.26858953315951073 0.18855078133043968 
0.3237368037278443 -0.33518240916568276 0.6644100580203374 0.18475796097074015 -0.22328790872131044 0.15558449907701855 0.30734575758865845 0.7615527535696318 -0.06720796712956556 0.6993621458552228 -0.37713849677893463 0.8145183728837535 -0.7971207363177943 -0.5742301176374809 -0.7195670475228868 0.3121499641875194 -0.7702123840208879 0.28967568504813035 -0.6068982621398327 -0.8501867790937825 0.8385725555686196 0.5432360308803008 -0.06978451429839327 0.3976688171868521 0.4323047672227571 0.16740856462835696 0.08438658840951052 -0.292119107740334 0.7620125878381874 0.6405907015955146 -0.9243512931687705 -0.8306045826194055 

LAYER_ACTIVATION sigmoid
SIZE 4
INPUT_COUNT 32
WEIGHTS_MULTIPLIER 1.00
-0.7828738954140115 0.26963701691620434 0.3886117154039883 0.10861667270787279 -0.5986460627784198 -0.34831613041123277 -0.9303141563423505 0.7826964056943047 -0.2950664143254651 0.8434590276028688 -0.710873587527826 0.4266340353189828 -0.6016282842465792 0.13929732022375685 -0.78979008357203 -0.739806823092261 0.5094535859909457 -0.8216366260348458 0.13606874112661482 -0.2356923015032666 0.14249336115551703 0.38475300907599164 0.023306626459365765 0.6126200277274514 0.23285702218057125 -0.6234178701621782 -0.08878483448640395 -0.17280248560783518 -0.013114370485154847 -0.9179468919010181 -0.6061875184473691 -0.33430126044459585 
0.3491172809682377 -0.7479564825776197 0.045206607572006785 -0.4574298239442982 0.9069728619013426 0.9936325498591272 -0.17465539945996023 -0.7692500490687568 -0.8057685686659375 0.9551417179435033 -0.17870130778971216 -0.579991733032095 0.9258819841118024 0.00019363610125999742 -0.5665648654906714 0.6011805325530515 0.49904659921106775 -0.5276920449170484 0.3944417908320337 0.5060138176833142 0.7294099102316478 0.3653140439819311 -0.5819515888766775 0.060190884604779615 0.5640634080654736 0.8710248733950254 -0.9907667292513509 0.6805204782008263 0.1702025658137798 -0.061649166796494015 -0.7882546559444661 -0.9081988168547601 
-0.2681343327314356 -0.9464100518198206 0.38611379576821614 0.26693539275680855 0.39591792822637384 -0.6332125762586103 -0.8084409848944483 -0.4128970455330616 0.9389254121991957 -0.4688103125874856 0.5312558621662218 0.3628318532699395 0.015309282859803597 -0.7971254864897699 -0.25464640726088583 -0.25452710908983667 -0.34636198663360007 -0.5706750569769687 -0.5289187401697424 -0.1822404643687372 -0.9774806021744364 -0.8639984214539196 0.02613172280135423 -0.9060297386610063 0.8055353757468262 -0.8662974275349762 -0.10272913994474964 0.1657235516894997 0.7799517442520325 -0.8602053027945094 0.7567322397633647 -0.41928345230139175 
0.8005509867249236 0.07082577828042846 -0.06338400831427848 0.5636673340598717 0.7119059164140233 -0.6549595410852989 -0.7858624690346521 -0.7990012245689264 0.29228886251361685 0.027657624111622203 0.568503534513715 0.35889554987302374 -0.6162055240238367 0.295168624608525 0.9799083667041077 -0.7252252690153587 0.9385373506479802 0.7546066663394406 0.7159931356177098 0.24894085562612434 0.5337860974299804 0.03905308333526003 0.596109647005175 -0.5332759596023688 0.36951135496716003 -0.2643703185494344 -0.39801053509010953 -0.21306157372005474 0.37416650682687136 -0.7154803062218638 -0.21911711291081604 -0.961415324533089 
0.7328712909423569 0.5992128062123225 -0.5502347994382071 0.6981129264504033 
