LAYER_ACTIVATION input_layer
SIZE 52
INPUT_COUNT 0
WEIGHTS_MULTIPLIER 1.00

LAYER_ACTIVATION relu
SIZE 32
INPUT_COUNT 52
WEIGHTS_MULTIPLIER 1.00
-0.4623848187531232 0.033088037695932826 0.6736462095824154 0.4167635279939703 -0.29149797988091675 -0.263716393578179 -0.07118608841801066 0.48391730212838246 -0.024986561519514172 0.21306425514369431 0.5556376904062021 -0.29553107011133184 0.6428942232188699 -0.9270677946511423 -0.7112205345986962 -0.8221501005723633 0.5072447288870905 0.023544414636894384 0.7680010393812631 0.41004328072318774 0.14177749223162772 0.9138916463676185 -0.42940870746675697 0.20845301190932797 0.3919158533367184 -0.23914148509991096 0.9442184414063097 0.005760454162328399 -0.5406499054213123 -0.165068519890059 0.6752195801810996 0.30408607080025374 -0.47852812151559676 0.6627516337158272 -0.03837105149012432 -0.39030132613161306 -0.8659016466225693 0.5581522588681456 0.9545868085486213 -0.8204343114159047 0.24289477396505754 0.22941297770183056 -0.003264226857275565 -0.6456467884108885 0.34727861289457773 -0.2604229556539921 -0.8127004628909398 0.39603404827303934 -0.9026980231027029 -0.39062086580423716 -0.8517734108292381 -0.102801146962338 
-0.6804222028109264 -0.5535447380646161 0.2743136495458156 -0.10652096916839748 0.9305394283875073 -0.9852826723988568 0.43991645534898627 0.6180214522139651 -0.9179022819230831 -0.18400157335260614 -0.8799570026063959 0.045446071561739965 -0.5262962185922626 -0.6242897724137069 0.42056664086821494 -0.27080453517589564 -0.4244949831613489 -0.6150408291142657 0.5075913965536398 0.41183290659604066 0.6843847873272741 0.0509123537546039 0.004184285969823787 -0.7661776522521513 0.3577044152516258 0.8447046335211763 0.42070555403204546 0.3848283084609143 -0.12268768661917395 0.42131991948514624 -0.9014540799956183 -0.193120897588567 0.26742679651287604 -0.6214042050271065 0.7351650701993659 0.5908527634066065 -0.4120757146549403 -0.7494529497453895 -0.005013839346487359 0.8919777338458843 -0.6680567782868094 -0.6051819077090579 -0.06329899276197692 0.26539102622609057 -0.6910737186793203 -0.49354869713202554 0.20839212834592025 0.636139969665473 -0.11271565935769567 -0.8875176904020907 -0.9527700853450001 0.4826587825095465 
0.9748786549643642 0.15195786701421166 -0.8664190590932719 -0.5323168585294382 -0.7016546363627123 -0.024908787860761894 -0.9574530037311557 -0.9926592678115398 0.09151788544753403 0.1840122664564965 -0.4454460955615869 0.2832019969953614 0.20046006168285047 0.1503974714627594 0.5877120017148514 -0.3571039506149458 0.22449725502268914 -0.14371005790822822 -0.47458642775637516 0.44219447180724214 0.2790235921908537 0.06423282023236587 0.42723997655595025 -0.4206276461493148 0.4591854260277566 0.21352627999970641 -0.34592042495688013 0.4326863590880208 -0.058637212041277254 0.19086597900098412 -0.6866986880793933 0.3027007664895176 -0.6530391052258531 -0.28957688978385154 -0.3847771054928628 0.6315788764872146 0.32579931230017767 0.8229905711925298 -0.8705207490363296 0.502153898067955 -0.48897263957322146 0.852813513334389 -0.817532935271031 0.8514277610883079 -0.8683269718570501 0.11067117696046891 -0.8582610345131874 -0.5858881069718187 0.3683949344803872 0.7941219865200235 0.04916017000543338 0.3751250276723923 
0.04338557200554405 -0.6900361535409163 0.7626738838014113 -0.10427156839111862 -0.7466368283153606 0.131112575871009 -0.38025847101224297 -0.990857402393408 -0.6448313004101043 -0.7038700297226175 -0.8476563042195975 -0.044720229841570314 0.45692616759958193 0.7465115702758052 0.7353757919369805 -0.5765831571577433 -0.18889645750934148 -0.8750709291732592 0.025561636635846652 -0.4431051677524338 -0.2621531403976276 0.596897379792239 -0.3148717986609566 -0.4636397647815782 -0.20876861450946604 -0.43340672107275524 0.9262323941218957 0.8773813791484497 -0.958970910923969 -0.02584003503586141 -0.31552129245307037 -0.049910450664105266 -0.05644375336811591 -0.02096655057344954 -0.875201249974771 -0.9122217342657937 0.060906715562096814 0.944425607703308 0.8817039266876008 -0.3161636654067257 0.9060237490891039 0.5243340804312493 -0.15647113278721503 0.7676898982058473 -0.8907187370736322 0.8911031478111378 -0.11456711596663216 -0.9045823245630225 -0.04075028012049575 0.5275812359949859 0.030342188804707293 0.437904208769764 
-0.1465171336808926 0.588053227854342 0.49969673323746666 0.2036491671060603 0.11277159602051579 0.9038477878569173 -0.4859768885217328 -0.017126762116459027 0.4993556889816919 -0.24192618902741558 -0.47522270550061574 0.2865828527951346 0.5220313691637855 -0.38528296134272355 0.1066419545955406 0.2579432732869009 0.002874903545977192 0.6307139940629656 -0.134891382754585 0.28765329067261636 0.6081998111046467 0.4706669590787107 0.7614665796568931 0.6313131598923554 -0.01471722520712393 -0.4235095894879528 0.3316198603522984 -0.9127079838819274 -0.6080345790481014 0.16881477766068054 -0.28345157899136697 0.23159548089475046 -0.2828032476486728 0.9419755912246592 -0.14865512033085326 0.7996900501431905 -0.05763427959372569 0.8128909571836782 0.28068811156514717 -0.47087959014586867 0.8166341998840072 0.9200669733929936 0.9560771825167667 -0.3512649980419702 0.08707822050910519 0.05101215559776984 0.4378464035461853 -0.37544112953301867 -0.7286877406590133 0.7172841370032854 0.5492895112896834 0.17168915130086715 
-0.8504928466668671 -0.555445413805628 -0.8555493187209988 -0.6571600466838097 0.3474845934293269 0.916267764159451 -0.2676258071093405 -0.6672191844533046 0.42644514774550535 0.010258712952738058 0.8298921742454253 0.6913894222686632 0.021225353234423316 -0.9407642992977057 0.7997753785816764 -0.6221461576387448 -0.5991932996615414 -0.4881907467633695 0.5315143686276969 -0.6836842752020436 0.6502947045058731 0.5837992919023809 0.09839771760139393 -0.08127273186890616 0.846395831740989 0.1701884665927289 0.76900583316527 -0.15187906917421867 0.045570917600833205 0.06737638117164346 0.4882876167479471 0.05543568128606324 -0.017159650593584486 0.9649341709894741 0.46936861217157944 -0.9433537397365879 -0.8353529149787837 0.647993804526579 -0.47877479198841355 0.5769321632630948 -0.06020354857992083 0.01059444159102041 0.6245331851264244 -0.589660178034924 -0.006746018279665034 -0.6284773337034979 -0.6263276078527478 -0.06601752022107088 -0.5342774116535012 0.21141071700523106 0.8031056321106096 -0.4920340788163273 
0.821988412400245 0.8752321677840009 -0.8387484134440968 -0.6368907463120896 0.8433133101502364 0.408176107847225 0.2528540861372004 -0.7061041601259266 0.9749734942265333 0.9228587018900996 -0.041398081260368036 0.34871207180931396 0.3205642178953694 0.8369507670359675 0.9474849132378689 0.5946108990427594 0.9686116960470161 0.7780525728820498 0.02445719976097549 -0.1726842957788728 0.411095235592426 -0.10231078336637567 0.7470278173050395 0.5172431880034745 -0.3557742344874921 0.9431463724943394 -0.524691872362621 0.8578014013402708 -0.7565370439537493 0.006251066874713773 -0.5215170330568346 0.007614862251827503 0.5440191119083742 -0.6168258890679434 0.1021000400947043 -0.35007060871227935 0.7149580624479963 0.6425503686125051 0.5893932770191257 0.897538999960042 -0.569109575272152 0.9366493632165225 0.9269701214453319 -0.05400343418110087 0.5262785856896617 0.7005442776250435 0.412316366274621 0.09334660630525815 0.4814442196043782 0.9165599662096748 0.059448369472081763 0.9119714696991215 
-0.1437033184747225 -0.09356093334582138 -0.3734506203456407 0.8464091481990406 0.6704646531993546 0.7202723854823005 -0.7523696138374298 -0.40414125643036036 -0.11976383119327516 -0.004760495231288964 0.93478466444906 -0.2681995582190455 -0.13934994949321666 0.41113789219004904 -0.4704433577732272 0.4638851244846829 -0.5703487320779439 0.14115822749677198 0.1896145223856598 0.8138420877774677 -0.692047658645591 0.8770343501358624 -0.3903957723926612 -0.5434576892714091 0.6029361896827816 0.8385178866597274 0.7417849187085845 -0.44702692659762144 0.014633869349502726 0.7253182741610382 -0.3007971591268588 -0.9697176558530158 -0.8071057360615275 0.5396859042124635 0.5702743445025413 -0.5888624762914696 -0.788849664285634 0.2922246278406526 0.16998581413183844 0.845689933994215 0.8735286727467393 -0.26503721340701736 0.6353258935667869 -0.5543805493097762 -0.31102836910384446 0.3643155221314942 -0.1506712216831776 0.4097348013559936 0.9499633904243754 0.016814271482781473 0.8330380342904582 0.41356814032108247 
0.4507465006680167 -0.23705859075795854 0.4151936597007304 -0.022414212747640105 -0.26540797020690854 0.09216564928593907 0.039386393917591134 -0.8869492711927724 0.1362163936515881 0.5089053658032392 0.6956408607732456 -0.814163824045707 0.8503606367648864 -0.03919796756700378 0.6820245252603696 -0.5600340353166591 0.6887110865400927 0.9659260372637288 0.6624964734230918 0.9376523628253617 0.2523329225831954 -0.6459745403656005 0.6358865275598853 -0.12209638058289118 0.9305146644284699 0.4934210607278946 -0.3284260535388783 -0.4186108738175416 -0.7508938405208014 -0.16351090071356267 0.04290010422217594 -0.7449066819545846 0.3002063127212051 0.5243552420397974 0.7954052918025056 0.002500900298975539 -0.8313375512949241 0.0114122023550296 -0.5876036175456429 0.8912611272118394 -0.5606637278609294 0.7891982761274485 -0.9137821767735399 -0.03649185257264298 -0.7863082845106715 -0.6642865754474305 -0.6859255252749408 -0.7794446519431468 0.865983182783195 0.8279972024370259 0.364176956871475 -0.5791130779576774 
-0.2657609685121247 0.28359232123229794 0.6465459574343013 0.37692825081651904 0.10424039970096044 -0.32179859807537214 0.9751805267131153 -0.6270232212691234 -0.6027971399826741 -0.7623480553823874 0.5208048526086748 0.8752299822545708 0.549345202424429 0.5870235827930996 -0.6417716970650811 -0.867478628722582 -0.7273837602539435 -0.6082683709020436 0.19262993399956674 0.9558359107875039 -0.293778870462613 0.32393315159132285 -0.19654641580659016 -0.8674112984265681 0.5346090372756487 0.7400987430155832 -0.5398868597607283 -0.3317916252380402 0.35891937498265847 -0.4762185307700886 0.42928536285050534 0.3227255001846332 -0.24893985567992272 -0.22474124865873768 0.8684811456022716 -0.7002304150148639 -0.009671006182734976 -0.4281897250094211 -0.27450085424171133 0.5276451040563499 -0.37062244767702257 0.6711712394677865 -0.7680416614912107 0.25977622054213834 0.5260637579105898 -0.44408929580363354 0.671648134319504 0.38678720179454595 -0.7254214825137117 0.022240448495407295 0.6465853897760812 0.5906227642972912 
0.5886284991829751 -0.40167722568853126 -0.8289537127409223 -0.08309797236328675 0.14906920482544006 0.8942488356152016 -0.7885274855772999 0.07648609395363004 0.6570052855197084 0.2057801250855178 0.4568951422936096 0.8329503801617515 0.4408683284387116 -0.24581363244773757 -0.9124503647626176 0.8582964574792922 -0.33559422889706747 -0.6219197330852353 0.45078792033428083 -0.9120418547586198 -0.8811635972498362 0.4692383189484852 0.305404774156423 0.8137826049938981 0.9176640862981169 0.8021779628479775 0.25860271281377334 -0.7094675643741919 0.009111286205596869 0.8236109237301161 0.5883162409409528 0.3781594979110072 0.6954926803910351 0.8413154356775236 0.9629098677061267 0.7315177722383113 -0.2876598002844055 0.7456268203072196 -0.8083554219931908 0.6059154374836326 -0.11678847034986184 0.8927578647964469 0.8009894633104828 -0.1592510170875261 -0.6599776711918484 0.9034731057164338 -0.4470953374112485 0.8406277824278725 -0.7175986912910455 0.1717039757669474 -0.8138816728754199 -0.9156396193050909 
0.09715817565965001 0.8957618937824956 -0.1534945453817278 0.787014743160847 -0.5385406306690383 -0.48255139497365707 0.6328615037418313 -0.7090828933252102 -0.7838624908570717 0.9713047375485038 0.5059626380882623 0.16495770968494172 -0.20529463711088525 0.7943301935262408 -0.10177643889411292 0.7445724692214997 -0.7932050872342906 0.47270018784751877 -0.92875868172889 0.63708060045618 -0.7167299580917907 0.4000990332089349 -0.7304025317094514 0.4009934779129558 -0.4032175893826999 0.33256674964237565 -0.37701759109019783 0.9504330570016386 0.7788752287122005 0.6101167017904499 0.8601229031200479 -0.16771300739019157 0.18568481272066784 0.455046162553844 0.4890949020616078 -0.14206637649685172 -0.4121190313727343 0.6524394663896351 -0.24179939136351658 0.5512561680615617 -0.744688558118116 0.271446698479463 0.8826751765906469 0.6557876702356984 0.1541426927535301 0.5140307027019806 -0.5961326177284489 0.9689040272353409 0.50410796495144 -0.7181373953299337 -0.9277665546165696 0.7687080565843867 
-0.007814728437260943 0.22836632804733337 0.8002840483192599 0.7932490072886336 0.3507617678340498 0.6167086386276883 0.06825964535688156 0.5181000129425686 0.9661216154110175 -0.14047113201238526 0.5523341155034158 0.018318571096041625 -0.4185414446605009 0.429674221341376 0.9206936377277533 0.6347921840935216 0.9052086161968271 -0.0020475452981787434 0.9032574245486253 -0.7466753913361095 0.6733253204444929 0.6152429638967267 -0.7839512860417821 -0.5011712373608557 -0.023142704553281268 -0.045590738707540046 0.8858164124904491 -0.9645069814099831 0.3045131667314487 0.5268796790339418 -0.1870721786585341 0.4548380020894005 -0.30363379065576424 -0.5980041044848206 0.323868801444146 0.015032924167315498 0.6541425688073581 0.6706563517823962 0.24555193445513024 0.7279501793216985 0.6036588249257568 -0.11525051655284413 -0.9998124830642787 -0.5910119771527371 0.4604682735632095 0.21014955676085534 0.6134827028312348 0.06028197677661229 -0.18371978712855142 -0.7261275663580367 0.6341537241993125 -0.9139172836902707 
-0.5698329659626882 0.7655251983349562 -0.5033483720017786 0.679738107359837 -0.49194107471317317 0.7067739901047125 0.6562525067133582 0.679374280824715 0.5203719397219857 0.10313468966314376 0.3995667480450864 -0.04364429307606543 0.3598722462404944 -0.885078424591361 -0.23780739557043384 -0.23802235244286196 0.568473271867427 -0.4511406706871479 0.6033368169035263 0.5704020218352817 -0.19310668924285523 -0.037673993613610124 -0.03408558968635389 0.9095283457690257 -0.070980721964093 -0.573245722820837 -0.519884128249805 -0.27728882310579994 -0.7277313103030774 -0.40261332972673713 0.2461593294095683 0.5746005402249448 0.4237941610396678 -0.697372854960165 0.7318277130343529 0.3640069721079573 0.9133886087668468 -0.011045205846084372 -0.04892569108402278 0.8782013911675381 -0.5928449747415345 -0.06333938827747132 0.029985607007449566 -0.10974583349224454 0.6590273601453824 -0.4152053438587582 0.5188842801486553 -0.39093134843289556 0.3736206951904295 -0.15282524174444512 -0.16853078570021274 0.2883083228887584 
-0.7394366870307738 0.3251585429997135 -0.6821434266699038 -0.5690366143181302 0.7617786340611934 0.21888695233922495 -0.9368849031694524 0.3902631769755791 0.6438825132021329 -0.5890624982740571 -0.9786728162036864 -0.10112714486486563 0.13431527220567885 -0.9231382519930342 0.5341790657035108 -0.37926423259820496 -0.11228671303585602 0.24002433623210306 -0.23346031477680085 -0.608070726234534 -0.33496015137695334 0.749511640583914 0.7128947618255488 -0.7787532929530092 0.8170443261068303 -0.5954566260359271 0.8788699680983907 -0.632662244111259 -0.6214791740603389 -0.577705920685166 0.5701797866045935 -0.0255061708633455 0.8848712272267227 0.3352506921326017 -0.019605932614388477 -0.6002955737960587 -0.037538157807694095 -0.49241106934844714 0.4624713082602663 0.8155942467546229 -0.7596063682827019 -0.0817147736918078 -0.8616975186149793 0.662991748368704 -0.7890150110580902 0.9489662719101148 -0.0033584305211318277 -0.3522123944375004 0.27388523305300705 -0.2347060111428687 0.0957547274003896 -0.5016369955681488 
0.7213258893298107 0.9643700014674557 -0.7007119864594882 -0.7502246897492266 0.27568699304604305 -0.9531122360314923 -0.4698129135755664 -0.7207059958749387 -0.41028093637624474 0.11594742514108436 -0.3584056289156603 0.39421087382500675 0.9127741159340841 0.09193464972652166 0.7842676451846764 0.3686364711019805 0.06379452226580451 -0.8172478755648973 -0.11283782205253279 0.10339472693580065 0.7654609923022495 0.16580262419187708 0.21736460489474574 0.5622711540297178 -0.011333010081421957 -0.07383102451509349 -0.17479473803871826 -0.7110276419757062 -0.3706265726479012 0.16172793609517666 0.17593805150364972 0.3288164525387127 0.29570738780300343 0.6572329799637089 -0.9825966210857078 -0.7517513544353827 0.6463890757722113 -0.814709517056861 -0.48105615619623987 0.9359457911058835 -0.42357992813402445 -0.9210788805219319 0.7320317224319883 0.6067838949952999 0.8113285318153705 -0.11415683368238305 -0.5496391302542023 0.690887957990902 -0.36990382991511095 -0.8890972047724031 -0.18672029109106325 0.6207065115623089 
-0.8907404944698072 -0.8719419748631898 0.5353609771086307 -0.41333654481266335 0.7351670502989742 0.35071039866852405 0.6192580155632412 -0.5799217655268951 0.6455500285835278 -0.5860633979796339 -0.6078467819363016 -0.7449026378903609 -0.8588925158089251 -0.718955235372875 -0.7421044340584406 0.8564418444120081 0.43852929702043775 -0.5529239287525143 0.330795066364435 -0.2299280649900317 0.5160230378873965 -0.5087144215188357 0.8297066541325258 -0.6149355333371167 -0.26341681644538406 -0.49938134657098177 -0.22266120039052972 0.4722793795809124 -0.9714001499751397 -0.5524938757811764 0.0786350822883819 0.09812049813428736 -0.6554847346426451 0.48431318135191836 -0.6254897133412378 0.5194993397782941 0.8948875454374465 -0.46857677241686346 -0.1780018710478013 -0.1444052569273575 -0.18992853662639964 0.4280460683437777 0.2186370511731912 -0.8103801938985717 -0.9208709988979977 0.7153104578294047 0.7737300254397461 -0.4036576012961055 0.40279317612466126 0.31907501584595255 -0.9613527486484794 0.020088844385921734 
-0.8835945359793529 -0.33795862401575194 0.5344933084792562 -0.23339202156378702 -0.9458850678954589 -0.7266905600413376 0.4718755419128049 0.5483128446332461 0.5919000434807422 0.4771679445193806 0.45134484221696103 0.6139774125066342 0.05556529543631794 -0.9329615844342241 0.07474235675762109 0.2667711030070248 -0.26599050411501857 -0.17017920204704495 0.1552772823201658 0.5708772179851598 -0.6134865927873487 -0.43707513753039917 0.8159767268925213 0.7669330724281702 0.8448123503751297 -0.7951614752298091 0.7439590742290692 0.7114142997790747 -0.617545092936552 -0.7776678620109818 -0.8576734721712971 -0.31384553178217667 -0.13286483272339322 0.043961938077112794 0.5420092245199135 0.05538612690193068 -0.014890881586115956 0.35817261432579817 0.2782603828808803 -0.1367423311870397 0.6677131679282484 -0.2338368951310248 -0.5350253749811302 -0.7188879752673041 -0.8944156475198597 0.20622769080117642 -0.9206536807156342 0.07735674948382032 -0.011636250700819195 -0.04118341217289001 -0.9471077673907 -0.02666823916447769 
-0.9330460679339245 -0.6310059634094529 -0.6916922172866147 -0.19772860814147353 0.5266171010154974 0.518304983430022 -0.2523274948320726 0.05182557595889303 -0.34608041108766563 -0.7379349548777445 0.9449123989239632 0.8884870895955672 0.421697337582845 -0.9255790043853458 0.8670743626768587 -0.21907532307649236 -0.8207590504462794 -0.21220290608231185 0.8517465064356036 -0.7859420399772294 -0.6183884833772326 -0.8658090154507536 0.24188717081422406 -0.2865840995486766 0.6000270515671065 -0.009641597154748993 0.3735505451709904 -0.671697435252609 0.6303710115004906 0.5296509792716879 -0.7580548802677192 -0.9294363089557978 -0.32191835261643464 -0.5254370645988353 -0.4885958434404407 -0.34513786727285445 -0.41896420524802225 -0.10528031357815437 -0.6301389686364782 -0.7274053407524199 -0.23404999021148498 0.4344805740319049 -0.244389288815539 -0.08810590250065675 -0.5566357494530583 -0.7728501898989009 -0.8449754865412389 0.19045255875613298 0.0696346480992005 0.41349239491551604 -0.5843937691056806 -0.731590575955865 
0.7598443425160029 0.8188632951248203 0.048696484527559925 -0.6019030750913921 0.8888865478066903 0.9343527432223449 -0.5015988125342759 0.43390436865649784 0.6826719245780779 -0.9152757785849557 0.28535030468072065 0.9352259924865738 0.6533866080395987 0.22231340786929965 -0.7537665527067632 0.20767289895507246 0.042206964529935664 0.24991578562172 0.6906052616420706 -0.818160942509194 0.5684853630957578 0.16015362542353717 -0.8110936871361372 0.908339262051616 0.835822760033403 -0.8204612419135624 -0.44385828040578934 -0.6855059405950163 0.8773757001881428 0.9441399085877122 -0.307086580114865 -0.8702590992271442 -0.33635348289913813 0.04613844306014947 0.9483183770800085 0.277047136301543 0.6137283722359885 -0.318997170359151 0.9376916361136847 0.15009993778112563 0.35612813338929605 -0.9924631023012089 0.8651302269865047 -0.8272916300423092 0.8242633517037783 0.7013957677716194 -0.014427106667776579 0.7985183596410288 -0.4269773559136618 0.5285702819031792 -0.6899297088805219 0.4316064427414632 
-0.6866181720497853 0.9419133474342669 0.7754916262892444 0.38344994935175336 0.7694815196483871 0.6097746754264002 -0.6104903588005373 -0.6707728028083753 -0.057930771248646984 -0.001427242774137083 -0.08574752500106442 0.7482080658398169 0.8109495624056902 -0.5631950878554901 -0.35608551898452 -0.5944263895354591 0.9496278428666998 0.2757662254819411 0.9883801302696769 -0.02937026497954842 -0.38427641517735456 -0.5692109804067569 -0.9994577764329056 -0.48934200344876166 -0.6145830091291451 -0.6323581870350858 0.37203194382854354 0.8621214348566257 0.158520651072112 0.912259751973824 0.8926607690621422 0.9332094929781263 -0.06214964347363283 -0.1575507706303625 0.7511347209841288 0.6814368358041243 0.027161598708077772 0.7905415734071035 -0.08542329136350557 0.0353030071626097 0.04002943470304432 -0.12193642653895709 -0.5577098007604493 -0.4426437844260962 0.3479518167402973 0.00399568317607879 -0.38785699534389195 -0.3020153700656647 -0.4200636394148556 -0.3542167924098114 -0.7434053493456598 0.4595124388901073 
-0.34369520818284305 -0.7356487019625664 -0.30039541898496225 -0.49791653332005104 -0.11361328374155577 -0.9709536803773098 0.14059560312699926 -0.19527216471973752 -0.7176426880461058 0.8270489724518821 0.6798818579891333 0.6675949053950572 -0.33269424619740895 0.1309899861816064 -0.39925897424239065 0.6717983585439531 -0.9252037211297224 0.8931696686099087 0.8661943163834349 -0.7634720924892109 -0.1934974621215113 0.7887795721409674 -0.3876353606921996 -0.3610475844048362 -0.38491530572773436 0.6114330999761508 -0.29829678632981205 -0.13317224032291186 0.5490690070481636 -0.7156045409138772 0.1855184679163171 0.7791847269993988 -0.849430641551679 -0.7759644710034714 0.9770353252030484 0.30002897211165624 0.018075357621239574 -0.4109987312268053 0.7755402460850875 0.06219371773993165 -0.8106766879271037 0.6757763053090338 -0.08918937552621342 -0.14532414130876625 -0.6924242540752239 -0.4391616821131379 -0.9345608004832517 0.09708667504096335 0.8656896415423672 0.040310212735644724 -0.04143469634722097 0.5951874558845522 
0.09333421637457295 -0.7325449150010639 0.6537095346022772 0.6059494095483975 0.7418954651709011 0.7564719443517745 0.3537053566266237 -0.5292910155882404 0.2451493971833476 0.3572994659201978 -0.7787878528370344 0.2548356543738799 0.6132228608900174 -0.866893134032314 -0.6935325777750598 -0.17677628772488618 0.20782534117913998 -0.1707100599524478 -0.9857479608449795 0.5438759953043466 -0.5761390918810376 0.6187057154118754 -0.9941852631514574 0.749243690262205 0.23820569686927007 0.4540906165248739 -0.8360130728350077 0.8803351603433822 -0.2456809406287943 0.2885485061946591 -0.7838400991249486 0.33003797145460845 -0.06899290718940798 0.3459767562486771 0.4353067842923004 -0.8457572781473037 0.3027881024340364 -0.22560718140177727 0.48395391359107953 0.6635813114460964 0.7054162795755101 0.8243813171189416 -0.756823176673932 -0.8721390978280308 0.5264298607652655 -0.2802847757740279 -0.6550471492764316 -0.46369860778883476 -0.4286942516414243 -0.56661328334819 0.44742660231179276 0.7153493815842453 
-0.059081926660426554 -0.5599000386291957 -0.039344254812730295 -0.9497365334309353 0.3648204384956968 -0.03726243133289486 -0.976241168510094 -0.823508927472312 0.8142361983143362 -0.9898428232847067 0.756047376371636 0.2349676518249877 -0.6220351296207984 -0.681381410401892 -0.5338659528048177 -0.9028888100061498 -0.5432009157883868 0.5991335364775376 0.6587245744503569 0.15313481642662907 -0.23371330897109321 -0.5330952725587867 -0.6300754202564607 0.0398200342059134 -0.1604570097162883 0.023413764084225797 -0.021813557452879717 0.491167208674707 -0.6096452483247037 0.4691358597891757 -0.8146763425358521 0.3967300988714684 0.4629080506372518 0.33443352420821704 -0.3736737548683864 0.29091485650721616 -0.004110237167089803 0.44118975452382614 -0.4280693327727081 0.308288518831652 0.6939591973173607 -0.7336380360579688 -0.6437683866889865 0.4417526183846048 -0.6376776852997443 -0.43088362392608426 0.8751211618551342 0.5683046283631863 0.41001373743693437 0.46746001391613445 -0.418163765225124 0.14670587343474262 
0.5761631353823411 -0.745877056301663 0.4863158130729046 -0.4559018639827579 0.28173518552816956 0.07276989590760286 -0.6011395498621459 0.8679239813534929 0.07114235786451961 -0.8522608993533232 0.5359563519530968 -0.44137780918725533 0.620773022733687 -0.001751431942828452 -0.4506559631953877 0.38437525373971604 -0.7894885309738879 0.4241471530177925 0.17371453206227105 0.43713667941457035 0.32901925377570884 -0.13256141736611848 0.2912551097403224 -0.7740127119268414 0.5056017616961712 0.7670606823653854 -0.5261700608391608 -0.6215110368783026 -0.14249081589786616 0.8729114159552185 0.2329015433103947 -0.945283983012914 0.4241216594959414 -0.31863423727410445 0.40656557379489633 0.2543354866242733 -0.1122503277044955 0.5610517005518407 -0.9942741271414113 -0.5303936491797501 0.21335053063786003 -0.36933601924857373 -0.46713667506172984 0.8819716577023109 -0.32857614482485187 -0.8089220351252671 -0.5294327023227114 0.20637842233850967 0.9671564275566233 -0.5276690295074045 0.24494759112182485 0.7773560341901613 
0.2624188565488723 0.36613762818446194 0.23458729959487545 0.5530032030063727 -0.35822784106039274 -0.3503787773689484 0.4922625388550961 -0.732423954164438 -0.7906985127471968 -0.8046358561451863 -0.25737024069462255 0.7633939952936633 0.42322572142362036 0.6010129056916151 -0.7125661172576849 -0.136950896943965 0.9359439313588778 -0.8954538571650719 0.9313916785696292 -0.504680286913062 -0.14823398442283864 -0.7142586238056496 -0.6737887403444609 -0.8891108963039507 0.7586951934778647 -0.2075921958573499 0.805886504009649 0.47833658534355017 0.20410703664647278 -0.6035674841014165 0.2934690270716662 -0.7960853752148409 0.1287379051776094 0.4149149382722106 0.30804394925793366 0.05813668683964446 0.5368250138679787 -0.21584628611368184 -0.9654205433295995 0.6252565273928854 0.24792590078190369 0.5740627490553956 0.37223344153667925 0.3789812091839777 -0.8660201460164136 -0.9471513164358158 0.5244957103087482 0.13416388569092041 0.5414388698336263 0.14274556190214205 -0.474986720187595 -0.15228922881205342 
-0.607305845233499 0.07237832783326348 -0.8316598544884355 0.8210840110237747 -0.6328358389874402 -0.6366722785052701 0.6524507436353717 -0.42316192412447484 -0.0267268092557309 0.2283248449948223 -0.8047671500544706 0.4328894316300087 0.804625644259183 -0.4301598264452535 -0.06678431726355982 0.616827289410055 0.3942557162162035 0.7855547753425494 0.11434584145102233 0.8428186974127649 0.42551100006610376 0.327715956891347 -0.18498021227046557 0.3281420937564685 0.17402784956866735 -0.8549250920087661 0.47909828090527995 0.1655654648281939 -0.7798875465163015 0.6099006089175363 0.4086828404954912 -0.2479256959054168 -0.8462171994629364 0.007030579092559774 0.71040639857393 -0.7705673262914596 0.5529401999376233 -0.5016926829625525 -0.5117900107688691 0.04120805708554842 -0.8058673428723009 -0.1688078189970379 -0.9363196293854852 -0.25022027754635623 -0.9542947716189127 0.5699511855193586 0.44396817708405223 -0.4779239753823439 -0.506093305311295 0.35519133697524685 0.6864930900899502 0.9156787783745162 
-0.848055184577045 0.7661063668934491 0.18075332442345382 0.19229644042488991 -0.3172620415544549 -0.8794108709115909 0.7352448854169749 0.9717639065795936 -0.8673627269635893 -0.1075468458510016 0.03110925184829827 0.2507219387682551 0.053041866590122666 -0.30804159366603456 -0.9425092081128712 0.2808808546320447 -0.2107335647093258 -0.17268522879229153 -0.7843119769380844 0.23611464494757617 0.6833167865138046 -0.6611293905180811 0.10732645143012598 -0.6850581621783991 0.8156873279519015 -0.9700624305998253 -0.0024625471968240387 0.3268427174725024 0.35799421632134654 0.35678987187345057 0.6998600160153321 0.68898703314257 0.38902821935778276 -0.5470353104856407 0.7164832815899314 0.7447293264028205 -0.2143709457927805 -0.5919012863046562 -0.6009855599812659 -0.3262788306597735 0.5523866127723205 -0.3076339500544416 -0.6320701328213671 0.30248033583933087 -0.28704836941160794 -0.14915019690964515 -0.4191051405489985 0.1281047439128602 -0.12405992491403195 0.15755326824497873 0.1534552867287753 -0.6678101148166429 
0.34050022272578695 -0.8518461758603375 0.9802049339095902 0.12053047269574568 -0.4967806435155184 0.7428311078195129 0.703364544558648 0.012715776192164574 0.596695484430789 -0.16920250938644998 -0.3201638009905876 -0.3713023736439838 0.09562557974033448 -0.9266831378874816 -0.9434013947745712 -0.7801374128898879 -0.18885088560429697 0.32333309784751796 -0.5717097113545362 0.253995903436526 0.374185631030838 0.2691557390410615 0.6863186999115072 -0.5247321884040161 0.5102800538146646 -0.6993697604887659 -0.14923015275543627 0.4370252972429902 -0.8649343184112033 0.816516913090386 0.3758014776101164 -0.31692295764433553 -0.2416160665940701 0.8960139605388984 0.7648142439003116 -0.36889759470874184 -0.8022764816081009 -0.8117470056464466 -0.051104412770845764 -0.4331771936971518 0.8482371489773555 -0.5954063567561865 0.6956919708085303 0.5993030918760147 0.1829570728689205 -0.7926213360321064 -0.07582707579661507 0.7419961469466121 -0.02662488356490078 0.9026976904339854 -0.5449400659703336 0.618197075174705 
0.37968680288438095 0.540189893991103 -0.45268514299192963 -0.2068040644396456 0.4820248374721794 0.4152190138283016 -0.644658905663893 -0.3529900354529556 -0.15672349722369083 -0.3048725011620137 -0.21313071256352356 0.49899781815644784 0.07667941917439824 0.6683528605222886 0.36354215684135105 -0.7843651675931598 -0.49103286026869886 -0.6096830396458539 -0.9044901967764181 0.36147610338702196 0.9749300387753608 -0.23489420815130457 -0.8786756770793673 0.5000626168715128 -0.43873023664456956 0.8259548692507681 0.6785709670025413 0.5505761965404783 0.4536947151173045 -0.9293341663272672 -0.6630360932726953 0.8682941618033775 0.4973123172446434 0.5489220968409645 0.9606541551062422 0.31266366468912277 -0.40386161999868064 -0.0887028305848192 -0.7408130681667 0.8197513274364117 -0.8733149286465842 0.16256055251297585 -0.6382120907792979 -0.3320897756272554 0.8967711523768662 0.26820889909449774 -0.0006913464163105232 0.08174636973964766 -0.8925115483165811 -0.37813629998539167 -0.19258578112882896 -0.004095239868688871 
-0.12448428927280464 0.9157732347312701 0.9484739184814288 0.4793352311349328 0.08524471207328177 0.2576424935722874 -0.9010698720783235 0.3555968999362942 0.05976292132389327 0.5561774676121272 -0.0966537795843978 -0.8509697585874023 0.2881385144871784 0.617686026930393 0.3574213781767823 0.058101074695108945 -0.5632012191531026 0.22628624068280545 -0.049253399587218416 0.501594636435178 0.22934274101876495 0.6773078063271829 0.8484764256927375 0.5548150347688323 0.15959102441505402 -0.38334488165466074 0.2285737855274057 0.0034129951421164595 0.2155156311632005 0.6351330557513628 -0.6185221898856477 0.6155758588891063 0.40725369666458233 -0.32482686957606743 -0.5149870414311202 0.6433200173065596 0.5937160634250149 -0.6830313107969153 -0.4704707233914187 -0.49613044026968267 0.5368154331894881 -0.9125865534744106 -0.5303374483674845 0.11954701995974015 0.15783827347127266 0.8679890970218607 0.08315011023979024 -0.7409446525704138 0.103124481447056 -0.588699270110117 -0.6864530606662209 0.9453010299737505 
-0.21406041815847465 -0.03424541611711063 -0.5093221320637944 0.3502488469436029 0.7951991197802009 -0.9777659361661273 -0.8945089116275255 -0.32321745152799464 0.9953122386764472 0.9497335321261327 -0.8285623997453544 0.8155928087474462 -0.6463671402028961 -0.7338330209900785 0.04504088628283598 -0.2280257200025948 -0.5814781963202424 -0.16184944760754338 -0.3028635222418492 0.7225435971839895 0.6584606562100463 -0.013813278243979266 -0.47574570354859347 0.6712734043891022 0.8052450804030189 -0.9047309041023213 0.1099567904756873 0.222585390838284 -0.8125545847487348 0.7965513066600522 -0.6696772291858897 -0.5932504934104501 -0.14817770731791735 0.8875196238701484 -0.877157494775689 -0.7550488005262175 0.10771249685647732 0.6116236665024248 0.5476591525025456 0.5848758882349239 -0.23482790353648508 -0.5486097070961407 0.2089884273420568 0.7850849832431528 0.8023310718130874 -0.2887602164509493 0.18287273565903073 0.517402488532551 -0.17983559648886094 0.5940986220439193 -0.46189067256908145 0.4148760532893545 
0.9345112918214178 0.6549893475602204 -0.4365688110747543 0.7411919444760422 0.6055251465918492 -0.1649574641622944 -0.4625048632327331 -0.22788206130429 -0.42738483904448676 0.8787862898683798 -0.18772784385792818 0.09453137460905614 0.2131946233539732 -0.6599410323980706 0.4437182483653843 0.3881653221676815 -0.8933727196234267 0.7588993991057318 0.6267924069622746 0.7493018037729262 -0.9193825245360814 -0.5448320154454294 -0.0049329074013020335 -0.09739322733484101 -0.20927752337194727 0.11576221047279467 0.38759289747700354 0.825665395364594 0.6449816158828034 0.9782686829468235 -0.7498856209492883 0.2898553078729589 

LAYER_ACTIVATION sigmoid
SIZE 4
INPUT_COUNT 32
WEIGHTS_MULTIPLIER 1.00
-0.7480137022900992 0.3999169421415394 -0.10572953871007074 0.028505867403549656 0.3864458462603384 -0.9939656053172135 -0.6006469531724365 0.3772531014384606 0.9645943941344199 0.38265287808626947 -0.2724878223552407 -0.6725465542442526 -0.19529076995170302 0.3129994803419278 -0.6733560571865862 -0.7856027614885963 -0.9864296026457511 -0.3759524756347512 -0.7595010124385593 0.9396366975775412 0.01350231235781063 -0.7398186993661235 -0.32746326584075547 0.9841356183497059 0.5329315754926514 -0.8131427955718822 -0.15337118134271788 0.6543892954449098 0.34622326171361295 0.13999794885429018 0.6599980609237595 0.4866426695123267 
-0.9786260250414283 0.22411252924646652 -0.7609137547304159 0.4774275986861507 0.9096759506343468 0.850538822265938 -0.3610608625619054 0.13680446685495662 -0.9649254691490425 0.8702358103006771 0.6596911133753269 -0.5862536799490259 0.21823297624599092 0.7624723708576551 -0.8957213538389333 -0.11907263189311901 -0.70913053962056 0.09407056883943521 -0.06847694521798164 -0.8176918350357565 -0.8366613618205165 -0.378129513965219 0.6833024217589259 -0.6140130597048137 0.09135657325843893 0.9780577063204805 0.5170930979630148 0.7820278094674038 -0.8946219360338656 -0.015766209090570582 -0.49211004815006065 -0.5041890598376619 
0.9546906399816946 0.5852682743549538 -0.28739980952089206 0.5094898140963928 0.5861384288225069 -0.5936817907175804 -0.7218449934120061 0.6717455425239223 -0.6080511284973078 -0.6586670319859083 -0.7059544621061635 -0.2187208253469286 -0.8970093577876157 -0.20190740775260063 0.3128298205852469 -0.24512720906331786 0.3616428152101663 -0.25503140801944646 -0.6358619031465582 -0.764235187324454 0.303747281492994 0.40010125958287723 -0.6599288204261462 0.3126521368115871 0.7029585311847462 -0.0822970205735103 -0.2963817203212895 0.9480699316849139 -0.00953912465575324 -0.6822135598066654 -0.8031635417233056 0.2364427170294192 
0.65560582364196 0.6819602658413368 -0.3778665986861258 -0.8157492544137483 0.06547581501467836 -0.30198041644967 0.008800508742139224 -0.004463559833961961 -0.852936029360146 -0.8636864999126972 -0.7533981180666736 0.02938026633467672 0.7992882193185591 0.2731809718365983 -0.5569576305256596 0.008100978075034071 -0.6021287396492254 -0.23274638793176883 0.41720197116971725 0.7475843895131122 -0.6726130982473162 -0.6104655662643126 -0.2178563199405179 0.26358385915102556 0.5192722885385836 0.42630209155714516 0.9067568943532476 -0.24303142811968703 -0.8736734780513051 -0.6001672463620171 -0.43375950002426067 -0.9033186157946995 
-0.66554707131731 0.9130385989766596 0.5521126451717064 0.7781848309708663 
