LAYER_ACTIVATION input_layer
SIZE 12
INPUT_COUNT 0
WEIGHTS_MULTIPLIER 1.00

LAYER_ACTIVATION relu
SIZE 16
INPUT_COUNT 12
WEIGHTS_MULTIPLIER 1.00
0.600819079451778 -0.08458797606306634 -0.36592010337915415 0.29634427272479136 -0.7743249108826045 -0.6523066333594707 -0.2003156387264784 -0.8986902335893987 0.8558427615551476 0.587107579471656 0.6084671210827304 -0.7097753119609584 
0.43147182431810616 -0.46148931851899966 -0.786781602799064 -0.1833119309308313 0.10139632242246166 0.5922715400025509 -0.5408870865132682 -0.3854753888731097 0.4320211480268965 -0.026750350752958285 -0.10866198383045789 0.9475237145268689 
0.24305571233659684 -0.9669457512171122 0.9426735679095721 0.616422668541071 0.1812659329333357 0.9293559758023884 0.020758485178339336 0.7363867731974085 -0.9102542924528103 -0.30457987926498253 0.05543114504152502 0.14080674631414603 
-0.19640172037741732 0.47174097582995733 -0.485273295011585 0.6549726128646274 0.012675614164459281 -0.7873368940787067 0.38941496026739886 0.22192170894375263 0.6132960603775635 -0.7538977161838964 0.9652119118173756 -0.5882193041713402 
0.4047497501366082 -0.45751693369569324 -0.27832158755579894 0.7836587278415179 -0.7623572116735262 -0.938725062607263 0.8862284522110007 0.28497543808976356 0.5437827959739365 -0.08244480149693723 0.8666321751939556 0.37866169348010614 
0.4331703066332455 -0.8448310006477195 -0.18205532190630058 0.6902075374274534 -0.31256990630064885 0.05017516911209796 0.5461960917483619 0.4645519878188744 -0.6183313260337535 0.1335308697417159 0.970212192243691 -0.594342974852287 
0.06605008404442958 0.41773035364306654 0.7883492398734648 0.5974277245913977 0.2282898890055336 0.8554753580601393 0.2953004502637331 -0.173504167766374 -0.11182776786416948 -0.2958460191256431 0.13433338875634626 0.4959724163968111 
0.7673938170048804 0.9777179705477737 -0.13738935706039057 -0.7287412348695688 -0.6918154672224928 -0.5909227310165641 0.9573182317108397 0.2898749006571124 0.9299131065516586 -0.6330081032149495 0.4063636208996193 0.39326713392522095 
0.8969622623042262 -0.09862580448131375 -0.36850260093839005 0.3611669843331875 -0.12300480313365769 0.18330289882850992 0.875700465296585 -0.6568175086245489 -0.3896758876827604 0.8853548903213111 -0.8876046331708745 -0.348224436878642 
-0.19787997963254966 0.7154196098395724 -0.876480186127651 -0.06986676857975738 -0.31016541680429643 -0.4634095102142657 -0.4131860440683037 0.7539303269467112 -0.787318633216088 0.8875370105810312 -0.2646037377342645 -0.8936836764114575 
-0.9867774176266957 -0.44023623353176267 -0.8116882337179809 0.8415353058842079 0.6936714289506687 -0.20851943973836762 -0.2308666737410605 -0.11772908386984926 -0.7535355303309024 0.6316608964008092 -0.614666744457234 -0.7900620065903914 
-0.957157616730427 0.8228440246292539 -0.17743947682998562 0.9005318208417741 0.06842890010057645 -0.9359396294066284 0.8349908454475821 -0.9652813988750202 -0.6817276401561156 0.25733800568372245 -0.9134843654246905 0.9000176372822877 
0.9951515179698969 0.8600908185936051 0.994967815626941 -0.9719460082451117 -0.10619460531244718 -0.0343909249272496 0.14933772497590647 -0.6452230481557424 0.9447414956469227 -0.6083661212986844 0.815360690318657 -0.804273613097717 
-0.8617775537380321 -0.21283613722080896 -0.5587752172774343 0.8169816411150606 -0.34812110254451634 -0.20103623444452512 -0.8787051728400965 -0.7088632776145716 -0.1113463702539268 0.16996041357092984 -0.3449705164203194 0.24098218332796528 
0.42562305784452614 -0.5879433355366874 0.5168937438768786 0.440788050363645 0.17859047583010246 0.6573630486561597 -0.8969219670820427 0.9653262944651844 0.8936657499980676 -0.3409076408584075 -0.9999570402210998 -0.6715201171106822 
0.6852355971211173 0.8650824472959202 -0.10315263714946266 -0.8312992691269814 -0.18627706075896944 -0.9513562091578216 0.6409160618689402 0.9054763154869059 0.4706085905483808 0.21040234679464764 -0.7391892322413685 -0.37899378095937375 
0.4137790518555846 0.5618402190799323 -0.16122603595954876 0.5100056797176693 0.6669141639990086 0.8930305020514893 0.9298386355766171 0.627142168923589 0.145926022352038 0.34462728939448173 -0.3589563454609914 -0.06346488491003122 0.923936358117641 -0.6219512152710522 0.7967503360273405 -0.6413750183252707 

LAYER_ACTIVATION sigmoid
SIZE 4
INPUT_COUNT 16
WEIGHTS_MULTIPLIER 1.00
-0.07515736204466195 0.07691861744480377 0.6108356050406605 0.3943009948387548 0.9764486280097537 -0.6003699119646335 0.6159168278458227 -0.8155303961489264 0.45716304725344625 0.3851014077673309 -0.9974345480643114 0.07811316358744969 -0.23833650467023815 -0.6958340508201142 0.193830567743823 0.7755103594956894 
-0.38856121941647626 0.28369674193439187 0.7349591019693811 -0.3266196972691877 0.7613960457879987 -0.02865225663449622 -0.5490674127459969 0.25938062917632054 -0.7582353677610798 0.8277258691587328 0.491235868453209 -0.9321707173735096 -0.8478353861526742 0.4587160117266056 0.33899174310445135 0.17323119598782344 
-0.36780357731471036 -0.06616036711924522 -0.6892947892763119 -0.7701253044476934 0.675866798119068 0.9802858910497094 -0.9425401720103841 -0.03909792671203349 0.25967472252992585 0.05181992429700366 -0.3711381931879072 0.8767359000530941 -0.9538271992712057 -0.23060314178402552 0.6984580139851329 -0.5652142171873316 
-0.6949482269935368 0.5624962904861708 0.5214933945480205 0.03409694585340084 0.8286341210004551 -0.5291465476546489 -0.13525560257982194 0.704291769464807 0.27384359083242105 0.06306885132602558 -0.17607989920443123 0.43930727289117955 -0.46676062011404595 -0.30429913079695936 0.8427893692253894 0.24225516330597374 
-0.8685894484346288 0.5821703123548312 0.6265982040608502 0.46521722534457277 
