LAYER_ACTIVATION input_layer
SIZE 28
INPUT_COUNT 0
WEIGHTS_MULTIPLIER 1.00

LAYER_ACTIVATION relu
SIZE 16
INPUT_COUNT 28
WEIGHTS_MULTIPLIER 1.00
-0.7699728834512842 -0.5232583348429736 -0.46213245643956924 0.6892333965824124 -0.4303779632932081 -0.2419756778721902 -0.40648792512316656 0.17893712682556995 0.11460852891423912 0.6086409513005246 0.37986226174438054 -0.021913714602350476 -0.9876433262153632 0.012582424659706604 -0.9579349352114674 -0.5404521253568482 -0.15560841537962244 -0.5618492387566612 -0.37337829629928954 -0.8293471792221718 -0.24056186091316745 0.9184254981103532 -0.2857520530763802 -0.4724929868604004 0.4468367977740435 -0.5363619309349699 -0.6070368601273015 -0.20452312065393796 
-0.31975428533361505 -0.9752780020245873 -0.3596559063051412 0.5464185634267054 0.2993459395499085 0.9293523723126105 -0.057283005692457145 -0.4397785211508789 0.1830165535174062 0.409313812347571 -0.4870827242397304 -0.6395907208648586 0.10152306571843583 0.025244581954821266 0.21275406874367686 -0.3806490772571085 0.7028988356226982 0.20468773398882356 -0.3345022700459388 -0.7079749316011748 -0.4774562179588271 0.477657936287172 0.9714853311694756 -0.13077975542877596 -0.08304332853475316 -0.17178587369948395 -0.7916864819211651 0.13164115259896603 
-0.9104787264188119 -0.5196320067113975 0.8919987728494243 -0.858219209577197 -0.5224706328352859 -0.6875780247587364 0.2891848072714951 0.2757983679227922 0.3559292419287121 -0.255119206702457 -0.7379841051289286 0.5998596344750022 -0.48695973067708653 -0.49371644641741597 -0.3083873093498064 -0.40811651817502836 0.7747964218193866 0.8547888807463859 -0.6431617914009942 0.8249177941213024 0.7661167651104721 -0.9137351155471811 -0.22173960243654678 0.7163147198158863 0.49975909860700507 0.00063624694621911 -0.9861090840397602 -0.9353683142895588 
-0.3530358171884638 -0.1175866518622315 -0.5170967567643445 -0.7685659762836643 -0.04105762570988203 -0.5703225008220927 -0.34822970927061014 0.01443747085772995 -0.8953719517521754 -0.17862495298079395 -0.8046300390430041 0.320093997397376 -0.4312900798077983 0.38642736987938564 -0.3951322369652046 0.4614669289109459 0.1683318941228189 0.9748915800562816 -0.5653362206914312 0.8723666515359416 -0.8930854461096851 -0.12939787799433544 -0.049764956353564704 -0.8418031815241962 -0.19147481065234784 -0.47735930270889937 0.5165982493555838 -0.5323459596377755 
-0.606746686578655 -0.2527156793716907 -0.7345259601735203 -0.3902585892516022 -0.38305749396157984 -0.3434970088680904 0.43460721530355095 -0.6105118939301397 0.5249923729863171 -0.8935665999451858 0.6018898195289111 0.04265685975429356 -0.6274515204644824 -0.7313715269172958 0.5364280140093662 -0.2815269602620274 -0.5458664216729652 -0.9180760969018316 0.979744681567484 -0.30933327247897924 0.17752644397489092 -0.8574493670113881 0.4704956616248843 -0.5605318860966901 0.4554469750942456 -0.13765092606818263 0.0016330966966275895 -0.5604219380727793 
0.2513946804632716 0.4989662481142556 0.6196251404512176 0.5730829285308334 0.8292687707925128 0.7807153904450894 -0.6225058902554121 0.6243984181783635 0.346426887878452 0.3903881541944416 0.33961733495796675 0.716026774515903 0.07619323783507692 0.549610682045891 0.4997877534173898 -0.47721864522219803 -0.9125161077656021 0.18916519089997674 0.6886715925447722 -0.34332195287070366 0.7725956595974832 -0.8014150028128815 -0.7588321119721089 -0.06865856050259667 0.8412076625203218 0.9559033607404008 -0.7403240163828457 -0.13152957332366588 
-0.11258458526895754 -0.6077582267317907 0.9377831820368803 -0.18673257336464721 -0.3686411566274621 -0.8734072090067164 0.7801363686816942 -0.9531543031655363 0.7072608956027584 0.26216387513249084 0.6240527284512538 -0.6666634594218093 0.5204385267840765 0.9837969530007646 -0.5925249782975632 -0.8897342998272384 0.5332635870203506 0.44642630366290237 -0.46806175918732196 -0.47012809330423 -0.47161344178940157 -0.5500230220277187 0.6312654320118669 0.6275203807547947 0.19647795408819957 0.2914013848812529 -0.29809806748539813 0.7692048932497162 
-0.6600431372305628 -0.9346828790662027 -0.8140069571539308 0.37879360000599327 -0.2752339803582544 0.4313686717602838 0.8400490857555019 -0.14943558482881847 0.6060435375771622 -0.3316541871689229 -0.18276888598816243 0.5296454908457506 0.812024882994786 -0.5326381017522752 0.6792535535267072 0.8555766623886469 0.12689242824026414 -0.07480092249035897 -0.6317471187749601 -0.9702491534400797 0.7695483737917668 0.024861195454375817 0.11616124719351029 0.12670681689081564 -0.8812588583905685 -0.08373520192456607 -0.28923310061447394 -0.6077707517743554 
-0.204745435963277 -0.9426487283225577 -0.4797730179519748 -0.9047111191210262 -0.0528909561827724 -0.3359518030098585 -0.4117339221011951 0.8089422340483183 0.12640087952760037 0.7435413472267678 -0.20577300571373502 -0.10480112802063024 0.33409337130756156 -0.518074509524447 -0.4041946948422852 0.24114735080355687 0.09008327505867642 0.14036194599357854 -0.9420294931413957 0.133533079010985 0.39045378124804 0.726448399110881 -0.609186477726168 -0.7260802523577132 -0.5998161771101784 -0.636250188729603 0.9957362427664327 -0.29475882881806803 
0.9678087928191819 0.16791528251310073 -0.9386631626175737 -0.1032528734530509 -0.8403926123431544 -0.854158208524328 0.04587107744877694 0.608524580498724 0.7937446340683161 -0.07673702296023932 0.3327531054453612 0.9874323151451196 0.9182457916319422 0.5230499698897568 -0.06493457625024979 -0.5062067117708651 -0.047608741100551244 0.8345294729982988 -0.6945186278819815 -0.034105874045393 0.21123528320526064 0.0777688537482073 -0.44427104128815054 -0.766924382627757 0.38829802625813503 -0.13266958630388936 -0.6073054314014219 -0.774843179766237 
-0.9726224738856675 0.3893060135670441 -0.8557461120198628 -0.7549297665853583 0.5500029845880374 -0.7934420918990517 0.024514402410480418 0.6437215437676234 -0.6721508519391799 0.45595362390348915 0.39894164791633857 -0.09092960173413922 -0.3505437704019725 -0.11569479790916426 0.7865124906541199 0.09210691771959367 -0.7035717196615432 0.7824008331156844 0.16145916787966508 -0.2106414101628893 0.6817871833296065 0.2623769769406099 -0.33263935510411535 0.38800013294739566 -0.4163812449326165 -0.8222013123808036 0.20477598752785742 0.13172503252240708 
0.2367868739185468 -0.2293272108957971 0.5676486809199224 0.4292296791557011 0.7440174543413325 -0.878894312474003 0.6680767836917967 -0.6979413230640574 0.05715852362440277 -0.9018648243464238 0.8256109770185927 -0.8482411497148268 -0.6517432637727341 -0.740852060299928 -0.015259393121968223 0.3158445225673834 0.9946608000472976 0.5190244444580896 -0.0011926954421068725 -0.4221841246794158 0.7770611083831822 0.2647747246063046 -0.0894516608815148 -0.14423724280483707 0.8037953486845331 -0.7512382275326801 0.5167364825063134 -0.20954218949681125 
-0.18517142078628646 -0.3767179912636067 -0.8057869630428012 0.34179963794904156 -0.4457801869855733 0.048657790790688216 0.19275323902733654 -0.21544017461858367 0.14542981060903304 0.34372422328395347 0.8744715769086229 -0.9563924702570177 -0.3592516706893236 -0.8338266450919858 -0.2733125348046903 -0.5220335178315774 0.987566458426659 0.8110537059948504 -0.710220373432773 0.40772904309024427 -0.2676823334835863 -0.9487292843234079 0.7925221656809973 -0.0813883879423849 0.6240091228819391 0.09036438152383375 0.7113294691616261 -0.029659160645692406 
-0.7227271399343227 0.6866467270207894 -0.008998424166288155 0.0050991071751191885 -0.2132058048930765 0.6746798147107014 -0.544098593059881 0.9307540234069016 0.9515043237072425 -0.44578919816228013 -0.3980015778406636 0.6943831691539148 -0.8631979827895444 -0.018661600303423675 -0.9828354833979145 -0.6934644875261595 0.6274195911115925 -0.6520295523667161 0.6022994350837205 0.21607492667804684 0.20950350261412964 -0.43567958194728584 0.19617828211680055 0.2751064902621789 -0.5451644343425439 -0.2505490393627454 0.6186157501214153 0.4934256364228531 
-0.4807169977025336 -0.8427736345832137 0.6947015045953797 -0.3149355786461294 -0.41471212027239335 0.7108062251738063 0.23218660066869345 0.8325845171419957 -0.5533518862548399 0.806412553906082 -0.34129241514676467 0.8494127860648504 -0.7117281205082759 -0.5227340937959417 0.7516907965665003 0.23689663994968568 -0.9447953550483581 -0.5038154427781889 0.46782884896656873 0.9830796854571442 -0.7130117595870222 -0.6518903996282739 0.1781635978835614 0.1677507585794118 0.8101386883173256 0.43452203698327274 -0.12662435636052694 -0.29684672434821024 
0.762517951421261 0.835045922290369 -0.5574305209808463 0.7590996203291103 -0.43019900300612757 0.80754688231947 0.3608926336051581 0.9752429496823605 -0.7636952742155909 -0.5709641489167356 -0.828639334340489 0.4944986381102252 0.26720374837795724 0.8815161957985476 0.8980236197015123 -0.9529334007022874 0.625032379924173 0.8404728124059615 -0.07136171031058347 0.04265721679612078 0.7597297635858611 -0.35325286158464175 0.3501765657117615 -0.8673111240608942 -0.8356581679748647 0.7160045642834563 0.8413889591809505 -0.7549209112323361 
0.8449570725325926 0.45521777695998966 0.5596928081674333 0.8762047398163102 0.4387253215411506 -0.3957592934355696 -0.9158910345879963 -0.13660130145255178 0.8857283195818579 -0.4136437031333575 -0.33312350396610624 0.13197299035197418 0.8322215222557436 0.9317445853607311 -0.4263358255409784 -0.5547708233786708 

LAYER_ACTIVATION sigmoid
SIZE 4
INPUT_COUNT 16
WEIGHTS_MULTIPLIER 1.00
0.8623638141133649 0.12624292026345052 0.021772103804270415 -0.6718642442959155 0.578905412835832 -0.07807782832253163 0.07229396628031126 -0.7312174697054914 0.09533108932437262 0.2693203840634524 -0.8258191190560977 -0.08784817727673122 0.5920825615613714 -0.671088886620657 -0.05249872778070297 0.4525460281702913 
0.29485004239148527 0.8146050265991858 -0.5960272652050371 0.3246855742285648 0.4993352159637001 -0.9282227055864967 -0.25669193065544627 0.685739664495387 0.5229175785737097 0.1962093005458223 -0.6253990888273386 0.45605109390551 -0.16573628693264864 -0.49049120282212755 0.07068183643858728 -0.8714847588243566 
0.7451710917619088 -0.8222971104620782 0.4823527389638653 -0.6811366693651035 -0.48892778665870984 -0.34637513502040207 0.8733290265324427 -0.08425222352204043 -0.7748872739450503 -0.7438730137842346 -0.35574957978334854 0.4936622942089013 0.04423522007156766 -0.04336866740777845 0.9298344106635648 -0.1757750469353001 
0.5712805169422777 0.46006312313435216 0.5236322080802389 -0.6895115192489125 -0.2975131214636173 -0.14076225680640198 -0.11090685609891704 -0.8885749279150585 0.23717625761435213 0.8796024176485839 -0.6127949774161698 -0.015323219134781851 0.8009164767881751 -0.4674031592020713 -0.36192332990014076 0.006930753088660202 
0.9319741531845502 -0.10881036747087558 -0.8993216001378488 -0.5843151220840239 
