LAYER_ACTIVATION input_layer
SIZE 28
INPUT_COUNT 0
WEIGHTS_MULTIPLIER 1.00

LAYER_ACTIVATION relu
SIZE 16
INPUT_COUNT 28
WEIGHTS_MULTIPLIER 1.00
-0.7619476772349816 0.9471693851026448 0.9690542048366 0.43200348942419153 -0.7455688459756495 0.6685321698019959 0.08670356524050993 0.34496743635180427 -0.9105287404816245 -0.07794662592189239 -0.006817961266793349 0.1108852135318763 0.4166311704934125 -0.712168810379809 -0.2655248944314039 0.8009316675095961 0.18928138012192908 0.8489717985695628 0.659440231549286 0.9179956245794829 -0.531273009938489 -0.1591136007033893 0.9173472163911232 0.2526476360333052 -0.5175000058683585 -0.22012688211432185 -0.6959265428269441 0.8047973477341563 
-0.006454973397540531 0.6385399376911687 -0.8537781864370799 -0.39475156965292246 -0.7518186573537091 0.4126312401212213 0.2518355885700545 -0.7609867868848634 -0.4502427726053533 0.13643019740412 0.48925624446347404 0.12682725892748659 0.911497708904734 -0.3889867392634574 0.15384237783853738 0.0736623426227252 -0.7841164402220839 0.6788066883097301 0.20182120469856768 -0.9765033448821772 0.1287321621172628 -0.9823149648302554 -0.8359629616325999 -0.25484782648197624 0.674089922020745 0.5898967879171801 0.9307992261844571 0.6445262771901399 
-0.21290718342793324 0.41368007448604693 -0.06464914354694162 -0.833108844339105 -0.7931283461164924 -0.6458334145785565 0.21129901163917086 0.19792671989689237 0.13916963559108364 0.14972853614884296 -0.605430743012068 0.14673944977301723 0.2662955982260098 0.44826835393217923 0.12793458498876342 -0.8143047659608784 0.7646483443176144 -0.3485515614855679 0.11403628831621182 0.9583864189281255 -0.939192885648902 -0.9465586558511876 -0.9698524046399428 0.5624363294205261 -0.31901807575153174 0.298860561605625 -0.9788707048391931 0.9017398586185719 
0.17894001830060224 0.9802480493234222 -0.5155017306770107 -0.1266586078092371 -0.17495625499164547 0.5133530587327937 0.9651656307943304 0.8101762477002385 -0.8934968145774551 0.0835281152187084 0.9634103101214371 0.9903332035239407 -0.9128356704224743 -0.7072916858334257 -0.5314848899935443 -0.46564719288182843 0.36341451967279115 0.770528424357336 -0.48205079747598867 -0.8602825309189306 -0.1986750033901412 -0.011918039411968007 0.8997744323249868 -0.11701102196086954 0.09981107428050273 -0.19398289207863173 -0.47792224223588775 0.20999101818361487 
0.8612682916685719 0.9949941820866082 -0.03198700612591732 0.8428538873004399 -0.3260965427781535 0.5407955445092227 -0.3121458730695852 -0.44960413992017756 -0.8560739569422242 -0.6157356236261695 0.898925659354759 -0.6368509993324354 -0.6179030293007974 -0.2657489485582829 -0.0907029481066115 -0.37670999556873563 -0.6758291272244736 -0.6723519530883086 0.3615107353874365 -0.7488053745365755 0.18417860412708054 0.7767523154032463 -0.434227861841348 -0.0464689046787683 -0.19350537269821877 0.22581809775022776 -0.47946948557737845 -0.4281122092324898 
0.08880835347120586 -0.711666144745972 0.8385547903728126 -0.32210602678440514 -0.3297374759174132 0.5215110375908258 0.42006122952405933 0.2509845924989227 0.8496621074979855 -0.3720845491816229 0.030348302299689323 0.8107951627671119 -0.14785501863177197 -0.5007244941414719 0.17250045158185823 -0.34976882317087 0.9401390270928893 -0.44427056928967934 -0.8599944408723881 -0.31162669891536043 -0.34055499193824446 0.034445945587491034 0.5839318179222095 -0.7263471457606756 -0.051616858373507934 0.7664147184174728 0.7150344810943638 0.7734749342436762 
-0.881371773871598 -0.16050280876323364 -0.3721615355994561 0.5980791037798712 -0.31176502008098406 -0.47056019349592204 -0.537914879183063 -0.44494688119981163 0.6249046397583529 -0.33336166169940573 0.229213172814698 -0.2979400583849616 0.9905665191222666 -0.22732931008045787 -0.0064849366674484266 -0.39667414078717345 0.2914142771384225 -0.6591902137524732 -0.7980667879762178 0.567487972415003 0.794228994708591 0.7148608874269478 0.18797735330409604 -0.8707652506358443 -0.13975296878235355 -0.031620649161890446 0.7253122178503808 0.9101460053606596 
0.15116898505444754 -0.9175381206537858 -0.596367332584409 0.698695411883157 0.3375980474654874 0.3490133935936077 0.7938892350128572 0.6102705080334543 -0.4227185593756635 -0.7852611282838593 -0.19005976160244487 0.33296305450550334 -0.15475113851103384 -0.758494000928428 0.014492892101171329 -0.09500975132629641 0.5996591835791618 -0.4148207801343291 -0.7693849279136611 -0.21022491849729263 0.8558877323136622 -0.915277258919762 0.19115896379851383 -0.8169027270779647 0.0514018739590667 -0.8506123992677781 0.747026125400206 0.6161113434531118 
-0.82928386521069 0.8974981073160349 -0.8363524850549069 -0.6893812459018214 -0.27799848391356985 0.5435308574222313 -0.521106757318462 0.5592401392401163 0.9339956558692355 -0.40680226407096276 0.4336969620901645 0.7276144023502185 0.7004442548946854 0.6555198473208084 0.408647677011718 -0.9551771122686985 -0.88561609946714 -0.39445735955057537 0.3328003990242214 -0.37234224540812266 -0.967500562096159 0.8379283737520951 -0.7348924837764095 -0.6774154362025826 -0.5844405454172208 0.28502203483159794 0.7642920378275075 0.22112107865825936 
-0.2523150016377691 -0.6245098870232366 -0.595212591438931 0.025004993480056692 0.18295378528105788 -0.7346598452711373 0.4859967179449374 0.5939677416361036 -0.040175664957470714 0.15551252280169225 0.08740964984133925 0.8633568895801473 0.00916379985698712 0.43402538860772233 -0.8732065593907732 0.1481787126017493 0.9044687366820146 0.7778521862681322 -0.45055481557673294 0.7454374727269095 -0.3040969691324147 -0.7402167821057462 0.14063898294690613 -0.5842344826299126 -0.7795521827550247 0.5000300648589051 -0.7661383900080858 -0.1250508965592816 
0.567787817590653 -0.2877863030808967 -0.6513632802150702 -0.19200849001665987 0.7202510106691715 0.9250269453367397 0.7482528528452643 -0.7562103677816834 0.41051564676376406 0.1705704062779383 -0.6680182994881625 0.043510022008285576 -0.851612942205277 0.4065950555800848 -0.693330116894626 0.6463085678300042 -0.6383808543943617 0.6615432699439938 -0.5584735471318272 -0.296191976192832 0.9680316043963344 -0.30894324640683 0.41441539291458596 -0.47387421528207585 0.4767808017913344 0.4374503425452887 -0.37588763050952223 -0.9953272410840686 
0.6713897800247752 -0.9789942028498522 -0.6657706946767485 0.9625321249539889 -0.7821242285040928 -0.9875703984411504 0.048707104534423395 0.9191706190912647 -0.18132816218052716 -0.14453894428161762 0.19499061792364203 0.6755050843239514 -0.1487971282554983 -0.9788612664812801 -0.4288849559019139 0.6663817273141648 0.7180594350827998 0.352861866657624 -0.3417831860774885 -0.8485646303106766 0.3321354858817458 -0.5816818992269379 0.6379894543043994 0.460767209221262 -0.859517243444003 -0.8598363777237223 0.989332040167713 0.1471417030412423 
0.010024269627144422 -0.35342991692417747 0.03514791942694662 0.8947913527904348 0.3130611863144328 -0.9460676809228532 0.9441444512012358 0.4915816658634382 -0.5267434498752486 0.49480773384180976 -0.6229261432170066 0.5131203343042496 0.08954177538492392 0.8499168459573465 -0.7662197844882204 0.24987774893716974 0.42290563417433624 0.6500126380432507 -0.6789771751403884 -0.6437187046930182 -0.08051168906416684 0.29420851570897133 0.47949081546551353 -0.683904892391483 -0.13967985148080997 0.7938515384694649 0.9977844957934063 0.6452928153189768 
-0.9877306215072088 0.5457275562185424 0.5965326209297785 0.869025958229116 -0.7890213433576596 0.6690091168397152 0.14613756396753352 0.9514370863837729 -0.30762400569204074 -0.562277525954614 -0.8833351714020952 0.4631658416357791 -0.5043289428879518 -0.5251155429362895 0.7201574060424565 0.3850128717934085 -0.6142586733154993 0.9183105653949333 -0.13060599372724635 0.7810248501049644 0.8548276799253289 0.7801977040479628 -0.07916349435754388 -0.16519793479996348 -0.1559167533925525 -0.7979375448848118 -0.3385008893007688 -0.3294104624321046 
-0.4867072578643483 -0.10469865373680864 0.29960372240632593 -0.3289496819900215 -0.19649697194171267 -0.7890995295380563 -0.3773222287342646 0.7377801193736837 -0.14907600336618332 0.9957100856690384 0.7475721124179815 0.2807758428272946 0.35432511938901645 0.5776524033847312 0.1488954750993392 0.44071581527080905 -0.7635751335895755 0.3364575025854786 0.24563468976804326 0.7042034678645841 0.6080161847154033 0.18170356614914196 0.7659925563571341 0.4930817914797001 0.907925411387752 -0.7619207316602725 0.0858826371941519 -0.04377435683482278 
-0.07901200929303442 0.9825332749311171 0.6833995772797608 -0.1819264558371918 0.8236358333399523 0.5002376810125448 0.8574814181176995 0.8056359167816864 0.17350974444859912 -0.321014323705777 -0.009888274152772825 -0.16098847375607117 -0.28849257272874906 -0.9899971921217949 -0.8527896660164194 -0.5040570542903222 -0.1779187473827486 0.41700654293831163 -0.5901203703432691 0.7680361723022333 0.1018163812995958 0.9189421679628316 -0.19928012350932378 -0.10147099366749446 0.3284050120480453 -0.04239261690893015 -0.7040827909468332 0.38839067307321606 
-0.634620572996192 -0.8430822931087523 -0.5660207371392947 0.5672129786966236 -0.07042110431360649 0.5699090367485595 -0.7059397443717406 0.2296805174210117 0.5220615831797404 0.9202007005910724 -0.30649567517911835 0.5867895788241151 0.5851328410224941 0.24293588231818508 0.9393903103093828 -0.1270062551596436 

LAYER_ACTIVATION sigmoid
SIZE 4
INPUT_COUNT 16
WEIGHTS_MULTIPLIER 1.00
-0.7577356957324106 -0.47382241671670267 0.43202078499932606 0.917637108358806 0.237941381642381 0.31523491402271775 -0.3681712159917456 -0.3807599855062742 0.659923694308951 -0.37195228647562506 0.9566557866306731 -0.9113332994198327 -0.1192908848031553 -0.22620959841809407 0.2723272899728415 -0.7757254992557083 
-0.1169724075220453 0.34202064524989106 -0.45661367489555293 0.01275489388563189 -0.5080468892216403 -0.7487862873380284 0.5574238054347787 0.1471625599587476 0.8792387787743652 -0.5768759490090969 0.061888791760815964 -0.09256846447743206 -0.06005155884841984 -0.4272651388651729 -0.6131745247708398 -0.6529665860351876 
-0.47669235384557385 -0.5401090670288362 0.4459189157773451 0.10036494020276199 -0.12357666369795295 0.6035176362879533 -0.7197284789275253 -0.9504560813712823 0.5630183905690047 -0.5937653481871747 -0.509313625849982 -0.26983153376163815 -0.47875408359273885 0.3881174912540193 0.882878344292833 -0.36691573812529854 
-0.8895623766414635 -0.07525251639493469 -0.28174333136556773 0.11391534809881376 -0.3004578623690626 0.8113555911300911 -0.9144480208169488 0.24278834333789545 0.06108809255750369 0.1251857108251091 0.2394528374402538 0.799778119343052 0.522345366966712 -0.10097962517698811 0.9726267376831734 -0.40779795838651056 
0.07548518555109895 0.29956947185809346 0.1431432400562922 0.08606004135614564 
