LAYER_ACTIVATION input_layer
SIZE 28
INPUT_COUNT 0
WEIGHTS_MULTIPLIER 1.00

LAYER_ACTIVATION relu
SIZE 16
INPUT_COUNT 28
WEIGHTS_MULTIPLIER 1.00
-0.5296948425422039 0.9471693851026448 0.9690542048366 0.2645734104313491 -0.7455688459756495 0.6685321698019959 -0.5691696265080053 0.7294947669273393 -0.9105287404816245 -0.07794662592189239 0.8671011416295251 0.1108852135318763 0.4166311704934125 -0.712168810379809 -0.2655248944314039 0.8009316675095961 -0.07085151530943778 0.8489717985695628 0.19731661895716734 -0.047610081477004185 -0.6178504074927993 -0.1591136007033893 0.9173472163911232 0.2526476360333052 -0.5175000058683585 0.35944033150641563 -0.6869634791965855 -0.01850754157869794 
-0.006454973397540531 0.6385399376911687 -0.8537781864370799 -0.39475156965292246 -0.7518186573537091 -0.5869162847491618 0.2518355885700545 -0.7609867868848634 -0.15639271878524985 -0.3522797817158254 -0.9294329041047287 0.444433504936657 0.911497708904734 -0.3889867392634574 0.15384237783853738 0.0736623426227252 0.3873093665540337 0.6788066883097301 0.20182120469856768 -0.9765033448821772 -0.8329240073368385 -0.5863584681695859 -0.47609567051126533 -0.25484782648197624 0.674089922020745 0.5898967879171801 0.9307992261844571 0.20239409654457097 
-0.21290718342793324 0.41368007448604693 -0.6350989894894037 -0.833108844339105 -0.7931283461164924 -0.6458334145785565 0.21129901163917086 0.19792671989689237 0.13916963559108364 0.14972853614884296 -0.605430743012068 0.14673944977301723 0.4272826837750927 0.44826835393217923 0.8893496011339028 0.21715003600292992 0.7646483443176144 -0.3485515614855679 0.11403628831621182 0.41560278005091766 -0.939192885648902 -0.9465586558511876 -0.9698524046399428 0.5624363294205261 -0.31901807575153174 0.298860561605625 -0.9788707048391931 0.3645014857476374 
0.17894001830060224 0.9802480493234222 0.8409466360179225 -0.1266586078092371 -0.17495625499164547 0.11509354596220511 0.9651656307943304 0.7529583240242061 -0.8934968145774551 0.0835281152187084 0.9634103101214371 0.9903332035239407 0.18811387670704938 -0.7072916858334257 -0.5314848899935443 -0.46564719288182843 0.36341451967279115 0.770528424357336 -0.8867572416149307 0.4712434914065178 -0.1986750033901412 -0.011918039411968007 0.8997744323249868 0.4814704660005924 -0.2647725833686214 -0.19398289207863173 -0.47792224223588775 0.18217381300304636 
0.8612682916685719 0.9949941820866082 -0.2604758699846268 0.9950228125978353 -0.3260965427781535 0.5407955445092227 0.20368375712458997 -0.44960413992017756 -0.8560739569422242 -0.6157356236261695 0.898925659354759 -0.6368509993324354 0.002771949161671561 -0.2657489485582829 -0.337441658644666 -0.37670999556873563 -0.6758291272244736 0.190510470783525 -0.46900790261574254 -0.15427853295021743 0.18417860412708054 -0.31291124660244574 -0.434227861841348 -0.0464689046787683 -0.19350537269821877 0.8022744190899858 -0.47946948557737845 -0.4281122092324898 
0.08880835347120586 -0.711666144745972 0.8385547903728126 -0.32210602678440514 -0.8042090009909011 0.5215110375908258 0.42006122952405933 0.15666507931637486 0.8496621074979855 -0.05936894608465004 0.030348302299689323 0.8107951627671119 -0.14785501863177197 -0.5007244941414719 0.17250045158185823 -0.795607285391208 0.9401390270928893 -0.44427056928967934 -0.8599944408723881 -0.31162669891536043 -0.34055499193824446 0.034445945587491034 0.5839318179222095 -0.7263471457606756 -0.051616858373507934 0.49113328749259977 0.7150344810943638 0.7734749342436762 
-0.881371773871598 -0.16050280876323364 -0.3721615355994561 0.5980791037798712 -0.31176502008098406 -0.6046982632235163 -0.537914879183063 -0.3009181616282144 0.6249046397583529 -0.33336166169940573 0.20317973898442876 -0.2979400583849616 0.9905665191222666 -0.22732931008045787 -0.0064849366674484266 -0.39667414078717345 0.9396138516777122 -0.6591902137524732 0.740014621735386 0.567487972415003 0.794228994708591 0.7148608874269478 0.18797735330409604 -0.8707652506358443 -0.13975296878235355 -0.031620649161890446 0.7253122178503808 0.9101460053606596 
0.15116898505444754 -0.6926593146295528 -0.596367332584409 -0.07891112105562925 0.9062418298259216 0.3490133935936077 0.7938892350128572 0.6102705080334543 -0.8610211213505274 -0.7852611282838593 0.7714257102937561 0.5976788488641416 0.9574447032091737 -0.758494000928428 0.014492892101171329 -0.09500975132629641 0.5996591835791618 -0.14772800364683403 0.942974404244955 -0.6423441449533904 0.8558877323136622 0.339727196438395 -0.23925685432434451 -0.8169027270779647 0.0514018739590667 -0.8506123992677781 0.747026125400206 0.5695578826047907 
-0.82928386521069 0.8974981073160349 -0.8363524850549069 0.8362800115154607 -0.27799848391356985 0.5435308574222313 -0.521106757318462 0.6000842578983603 0.9339956558692355 0.8496995890157286 0.4336969620901645 0.7276144023502185 0.7004442548946854 0.6555198473208084 0.408647677011718 -0.9551771122686985 -0.88561609946714 -0.4918660710226017 -0.704287430231133 -0.37234224540812266 -0.967500562096159 0.005640719606261557 0.42919212034775445 0.47318608784331717 -0.5844405454172208 -0.9317877489755122 0.7642920378275075 0.22112107865825936 
-0.2523150016377691 0.9111992847486834 -0.595212591438931 0.5580616678480326 0.18295378528105788 0.8305621705403177 0.7537860147901854 -0.25254538069566523 -0.040175664957470714 0.15551252280169225 0.08740964984133925 0.8633568895801473 0.00916379985698712 0.43402538860772233 -0.8732065593907732 0.1481787126017493 0.9044687366820146 0.7778521862681322 0.6330478087754494 0.7454374727269095 -0.3040969691324147 -0.7402167821057462 0.14063898294690613 -0.5842344826299126 -0.7795521827550247 -0.42928594353747895 -0.5116047786836382 0.630921927459301 
0.5327727852733974 -0.2877863030808967 -0.6513632802150702 -0.19200849001665987 0.025490474230329685 0.9250269453367397 0.7482528528452643 0.07008695771390183 -0.6994498575083063 -0.3479591439454426 -0.6680182994881625 -0.7439494700200906 -0.851612942205277 0.7400043813337143 0.7108696821731042 -0.17116695097551027 -0.6383808543943617 0.6615432699439938 -0.5584735471318272 -0.296191976192832 0.9680316043963344 -0.30894324640683 -0.8699574120250237 -0.47387421528207585 0.4767808017913344 0.4374503425452887 0.3243234983008374 0.2721277720628579 
0.6713897800247752 -0.9789942028498522 -0.6657706946767485 -0.15446728256821007 -0.7821242285040928 -0.9875703984411504 0.048707104534423395 0.9191706190912647 0.1487382419661203 -0.14453894428161762 0.19499061792364203 0.6755050843239514 0.38169172880160307 -0.9788612664812801 0.690881967416894 0.6663817273141648 0.7180594350827998 0.7388155182682155 -0.3417831860774885 -0.8485646303106766 0.3321354858817458 -0.6926251951256464 0.6379894543043994 -0.37657025884672524 -0.859517243444003 -0.8598363777237223 0.989332040167713 0.1471417030412423 
0.010024269627144422 -0.35342991692417747 0.03514791942694662 0.8947913527904348 0.3130611863144328 -0.9460676809228532 0.9441444512012358 -0.05079681098398381 -0.5267434498752486 -0.4306710390387136 -0.8509422917292047 0.4471782111460936 0.08954177538492392 0.8499168459573465 -0.7662197844882204 0.24987774893716974 -0.38159630451426096 -0.12747736461531622 0.2747153699914795 -0.6437187046930182 -0.08051168906416684 -0.7606150003215859 0.47949081546551353 -0.9281695715603016 -0.13967985148080997 0.7938515384694649 -0.31545557928772205 0.6452928153189768 
-0.9877306215072088 0.5457275562185424 0.5965326209297785 0.869025958229116 -0.7890213433576596 -0.7201915354050743 0.14613756396753352 0.09204675993905531 -0.30762400569204074 0.8863237799703174 -0.261650777993371 0.29654905888216065 -0.5043289428879518 -0.5251155429362895 0.4715157143742639 -0.7140241673832095 -0.6142586733154993 0.9183105653949333 -0.13060599372724635 0.7810248501049644 0.8548276799253289 0.7801977040479628 -0.07916349435754388 -0.16519793479996348 -0.1559167533925525 -0.7979375448848118 -0.3385008893007688 0.6716533852243547 
-0.4867072578643483 -0.4234085029961234 -0.8333428266921494 -0.3289496819900215 -0.19649697194171267 -0.18840434914574744 -0.3773222287342646 0.7377801193736837 -0.7722987526766278 0.9957100856690384 0.7475721124179815 0.2807758428272946 0.35432511938901645 0.04769549906834403 0.1488954750993392 0.44071581527080905 -0.6080327346921155 0.3364575025854786 0.24563468976804326 0.7042034678645841 0.6080161847154033 0.18170356614914196 0.5617291485578406 0.4930817914797001 0.907925411387752 -0.7619207316602725 0.0858826371941519 -0.04377435683482278 
-0.07901200929303442 0.9825332749311171 0.6833995772797608 -0.1819264558371918 0.8236358333399523 0.5002376810125448 -0.14776339308409092 0.9109490123169477 0.45040369054287477 -0.321014323705777 -0.009888274152772825 -0.16098847375607117 -0.28849257272874906 -0.9899971921217949 0.44008859994285876 -0.5040570542903222 -0.1779187473827486 0.41700654293831163 -0.47225917858670874 0.7680361723022333 0.1018163812995958 0.9189421679628316 -0.19928012350932378 0.20739848636495695 0.3284050120480453 -0.04239261690893015 0.6574289775880409 0.38839067307321606 
-0.4849992614808405 -0.8735757527074075 -0.9753588550989929 0.16769394242027924 -0.6194052166901016 -0.8947920245243579 -0.13863512639765307 0.052252687831758404 0.025963644593369528 0.5015977630296429 0.8759268366859196 0.7278773442785174 0.9893217832723604 -0.1520351033574321 0.4717993196722914 0.4289490581370743 

LAYER_ACTIVATION sigmoid
SIZE 4
INPUT_COUNT 16
WEIGHTS_MULTIPLIER 1.00
-0.7577356957324106 -0.7145680866112729 0.43202078499932606 0.917637108358806 0.237941381642381 -0.7066760847314182 -0.3681712159917456 -0.3807599855062742 -0.3715972566769985 -0.37195228647562506 0.9566557866306731 -0.9113332994198327 -0.1192908848031553 0.6294594512450196 0.2723272899728415 -0.8477928516333679 
-0.1169724075220453 0.34202064524989106 -0.9943649270677966 0.01275489388563189 -0.7288394572239332 0.14257126577862356 0.5574238054347787 0.566731311329675 0.8792387787743652 -0.5676746413985492 0.061888791760815964 -0.09256846447743206 -0.06005155884841984 -0.4272651388651729 -0.6131745247708398 -0.6529665860351876 
-0.47669235384557385 -0.5401090670288362 0.4459189157773451 0.10036494020276199 -0.12357666369795295 0.6428431826866088 -0.7197284789275253 -0.9504560813712823 0.5630183905690047 -0.6118319324593269 -0.509313625849982 -0.26983153376163815 -0.47875408359273885 0.3881174912540193 0.882878344292833 -0.36691573812529854 
-0.8895623766414635 -0.07525251639493469 -0.28174333136556773 0.11391534809881376 -0.3004578623690626 0.8113555911300911 -0.9144480208169488 0.24278834333789545 0.06108809255750369 0.9760449816364387 0.2394528374402538 0.799778119343052 0.522345366966712 -0.10097962517698811 0.9726267376831734 -0.09441781467414367 
-0.6151330501113055 0.07303953450539513 0.03202958832237246 0.6977687608879046 
